Overall wireset performance: 184685_fnoise_U.pib_exp2a_performance.txt
-----------------------------------------------------------------------
True Positive:         727361
False Positive:        146812
True Negative:       21372667
False Negative:        793160
Recall (TPR):          0.4784
Specificity (TNR):     0.9932
Precision:             0.8321
Accuracy:              0.9592
F1 Score:              0.6075

            True       False        True       False      Recall Specificity 
        positive    positive    negative    negative       (TPR)       (TNR)   Precision    Accuracy    F1 Score 
     ----------- ----------- ----------- ----------- ----------- ----------- ----------- ----------- ----------- 
   0        1706          43      215182       13469      0.1124      0.9998      0.9754      0.9414      0.2016    0
   1        5730        1089      214100        9481      0.3767      0.9949      0.8403      0.9541      0.5202    1
   2        6126        1570      213611        9093      0.4025      0.9927      0.7960      0.9537      0.5347    2
   3        6423        1789      213396        8792      0.4221      0.9917      0.7821      0.9541      0.5483    3
   4        6782        2298      212899        8421      0.4461      0.9893      0.7469      0.9535      0.5586    4
     ----------- ----------- ----------- ----------- ----------- ----------- ----------- ----------- ----------- 
   5        7015        2699      212522        8164      0.4622      0.9875      0.7222      0.9529      0.5636    5
   6        7212        2845      212404        7939      0.4760      0.9868      0.7171      0.9532      0.5722    6
   7        7329        2807      212452        7812      0.4840      0.9870      0.7231      0.9539      0.5799    7
   8        7327        2618      212640        7815      0.4839      0.9878      0.7368      0.9547      0.5841    8
   9        7453        2740      212517        7690      0.4922      0.9873      0.7312      0.9547      0.5883    9
     ----------- ----------- ----------- ----------- ----------- ----------- ----------- ----------- ----------- 
  10        7461        2820      212459        7660      0.4934      0.9869      0.7257      0.9545      0.5874   10
  11        7519        2861      212419        7601      0.4973      0.9867      0.7244      0.9546      0.5897   11
  12        7568        2978      212272        7582      0.4995      0.9862      0.7176      0.9542      0.5890   12
  13        7566        2940      212292        7602      0.4988      0.9863      0.7202      0.9542      0.5894   13
  14        7570        2754      212494        7582      0.4996      0.9872      0.7332      0.9551      0.5943   14
     ----------- ----------- ----------- ----------- ----------- ----------- ----------- ----------- ----------- 
  15        7592        2681      212562        7565      0.5009      0.9875      0.7390      0.9555      0.5971   15
  16        7617        2692      212526        7565      0.5017      0.9875      0.7389      0.9555      0.5976   16
  17        7656        2630      212580        7534      0.5040      0.9878      0.7443      0.9559      0.6010   17
  18        7611        2662      212542        7585      0.5009      0.9876      0.7409      0.9555      0.5977   18
  19        7600        2647      212539        7614      0.4995      0.9877      0.7417      0.9555      0.5970   19
     ----------- ----------- ----------- ----------- ----------- ----------- ----------- ----------- ----------- 
  20        7595        2541      212682        7582      0.5004      0.9882      0.7493      0.9561      0.6001   20
  21        7597        2394      212832        7577      0.5007      0.9889      0.7604      0.9567      0.6038   21
  22        7570        2321      212924        7585      0.4995      0.9892      0.7653      0.9570      0.6045   22
  23        7614        2286      212936        7564      0.5016      0.9894      0.7691      0.9572      0.6072   23
  24        7610        2167      213043        7580      0.5010      0.9899      0.7784      0.9577      0.6096   24
     ----------- ----------- ----------- ----------- ----------- ----------- ----------- ----------- ----------- 
  25        7621        2075      213093        7611      0.5003      0.9904      0.7860      0.9580      0.6114   25
  26        7661        2014      213146        7579      0.5027      0.9906      0.7918      0.9584      0.6150   26
  27        7658        1966      213208        7568      0.5030      0.9909      0.7957      0.9586      0.6163   27
  28        7663        1971      213191        7575      0.5029      0.9908      0.7954      0.9586      0.6162   28
  29        7711        1970      213186        7533      0.5058      0.9908      0.7965      0.9588      0.6187   29
     ----------- ----------- ----------- ----------- ----------- ----------- ----------- ----------- ----------- 
  30        7659        1939      213234        7568      0.5030      0.9910      0.7980      0.9587      0.6170   30
  31        7653        1924      213258        7565      0.5029      0.9911      0.7991      0.9588      0.6173   31
  32        7656        1861      213339        7544      0.5037      0.9914      0.8045      0.9592      0.6195   32
  33        7654        1804      213380        7562      0.5030      0.9916      0.8093      0.9593      0.6204   33
  34        7632        1788      213410        7570      0.5020      0.9917      0.8102      0.9594      0.6199   34
     ----------- ----------- ----------- ----------- ----------- ----------- ----------- ----------- ----------- 
  35        7590        1741      213452        7617      0.4991      0.9919      0.8134      0.9594      0.6186   35
  36        7585        1730      213471        7614      0.4990      0.9920      0.8143      0.9594      0.6188   36
  37        7532        1713      213508        7647      0.4962      0.9920      0.8147      0.9594      0.6168   37
  38        7518        1647      213556        7679      0.4947      0.9923      0.8203      0.9595      0.6172   38
  39        7490        1645      213545        7720      0.4924      0.9924      0.8199      0.9594      0.6153   39
     ----------- ----------- ----------- ----------- ----------- ----------- ----------- ----------- ----------- 
  40        7489        1621      213581        7709      0.4928      0.9925      0.8221      0.9595      0.6162   40
  41        7501        1558      213634        7707      0.4932      0.9928      0.8280      0.9598      0.6182   41
  42        7491        1588      213615        7706      0.4929      0.9926      0.8251      0.9597      0.6172   42
  43        7489        1514      213694        7703      0.4930      0.9930      0.8318      0.9600      0.6191   43
  44        7463        1475      213705        7757      0.4903      0.9931      0.8350      0.9599      0.6178   44
     ----------- ----------- ----------- ----------- ----------- ----------- ----------- ----------- ----------- 
  45        7429        1446      213718        7807      0.4876      0.9933      0.8371      0.9598      0.6162   45
  46        7416        1378      213775        7831      0.4864      0.9936      0.8433      0.9600      0.6169   46
  47        7387        1377      213791        7845      0.4850      0.9936      0.8429      0.9600      0.6157   47
  48        7347        1370      213829        7854      0.4833      0.9936      0.8428      0.9600      0.6143   48
  49        7352        1330      213883        7835      0.4841      0.9938      0.8468      0.9602      0.6160   49
     ----------- ----------- ----------- ----------- ----------- ----------- ----------- ----------- ----------- 
  50        7385        1304      213889        7822      0.4856      0.9939      0.8499      0.9604      0.6181   50
  51        7381        1278      213899        7842      0.4849      0.9941      0.8524      0.9604      0.6181   51
  52        7377        1263      213918        7842      0.4847      0.9941      0.8538      0.9605      0.6184   52
  53        7352        1209      213990        7849      0.4837      0.9944      0.8588      0.9607      0.6188   53
  54        7334        1168      214034        7864      0.4826      0.9946      0.8626      0.9608      0.6189   54
     ----------- ----------- ----------- ----------- ----------- ----------- ----------- ----------- ----------- 
  55        7294        1161      214086        7859      0.4814      0.9946      0.8627      0.9609      0.6179   55
  56        7273        1150      214098        7879      0.4800      0.9947      0.8635      0.9608      0.6170   56
  57        7303        1152      214088        7857      0.4817      0.9946      0.8637      0.9609      0.6185   57
  58        7285        1141      214108        7866      0.4808      0.9947      0.8646      0.9609      0.6180   58
  59        7263        1130      214126        7881      0.4796      0.9948      0.8654      0.9609      0.6172   59
     ----------- ----------- ----------- ----------- ----------- ----------- ----------- ----------- ----------- 
  60        7253        1083      214178        7886      0.4791      0.9950      0.8701      0.9611      0.6179   60
  61        7261        1045      214205        7889      0.4793      0.9951      0.8742      0.9612      0.6191   61
  62        7215        1023      214251        7911      0.4770      0.9952      0.8758      0.9612      0.6176   62
  63        7224        1033      214230        7913      0.4772      0.9952      0.8749      0.9612      0.6176   63
  64        7237        1016      214251        7896      0.4782      0.9953      0.8769      0.9613      0.6189   64
     ----------- ----------- ----------- ----------- ----------- ----------- ----------- ----------- ----------- 
  65        7207        1010      214247        7936      0.4759      0.9953      0.8771      0.9612      0.6170   65
  66        7208         994      214238        7960      0.4752      0.9954      0.8788      0.9611      0.6169   66
  67        7208         947      214272        7973      0.4748      0.9956      0.8839      0.9613      0.6178   67
  68        7221         894      214291        7994      0.4746      0.9958      0.8898      0.9614      0.6190   68
  69        7206         899      214283        8012      0.4735      0.9958      0.8891      0.9613      0.6179   69
     ----------- ----------- ----------- ----------- ----------- ----------- ----------- ----------- ----------- 
  70        7223         902      214300        7975      0.4753      0.9958      0.8890      0.9615      0.6194   70
  71        7219         868      214316        7997      0.4744      0.9960      0.8927      0.9615      0.6196   71
  72        7212         869      214314        8005      0.4739      0.9960      0.8925      0.9615      0.6191   72
  73        7190         904      214271        8035      0.4722      0.9958      0.8883      0.9612      0.6167   73
  74        7197         854      214334        8015      0.4731      0.9960      0.8939      0.9615      0.6188   74
     ----------- ----------- ----------- ----------- ----------- ----------- ----------- ----------- ----------- 
  75        7221         837      214337        8005      0.4743      0.9961      0.8961      0.9616      0.6203   75
  76        7248         836      214355        7961      0.4766      0.9961      0.8966      0.9618      0.6223   76
  77        7207         824      214374        7995      0.4741      0.9962      0.8974      0.9617      0.6204   77
  78        7207         812      214380        8001      0.4739      0.9962      0.8987      0.9617      0.6206   78
  79        7219         807      214374        8000      0.4743      0.9962      0.8995      0.9618      0.6211   79
     ----------- ----------- ----------- ----------- ----------- ----------- ----------- ----------- ----------- 
  80        7249         776      214399        7976      0.4761      0.9964      0.9033      0.9620      0.6236   80
  81        7248         798      214373        7981      0.4759      0.9963      0.9008      0.9619      0.6228   81
  82        7183         811      214360        8046      0.4717      0.9962      0.8985      0.9616      0.6186   82
  83        7199         753      214409        8039      0.4724      0.9965      0.9053      0.9618      0.6209   83
  84        7174         734      214421        8071      0.4706      0.9966      0.9072      0.9618      0.6197   84
     ----------- ----------- ----------- ----------- ----------- ----------- ----------- ----------- ----------- 
  85        7205         750      214383        8062      0.4719      0.9965      0.9057      0.9618      0.6205   85
  86        7182         724      214408        8086      0.4704      0.9966      0.9084      0.9618      0.6198   86
  87        7204         715      214402        8079      0.4714      0.9967      0.9097      0.9618      0.6210   87
  88        7193         757      214358        8092      0.4706      0.9965      0.9048      0.9616      0.6192   88
  89        7209         701      214411        8079      0.4715      0.9967      0.9114      0.9619      0.6215   89
     ----------- ----------- ----------- ----------- ----------- ----------- ----------- ----------- ----------- 
  90        7224         702      214409        8065      0.4725      0.9967      0.9114      0.9619      0.6224   90
  91        7232         661      214446        8061      0.4729      0.9969      0.9163      0.9621      0.6238   91
  92        7239         648      214466        8047      0.4736      0.9970      0.9178      0.9623      0.6248   92
  93        7210         675      214448        8067      0.4720      0.9969      0.9144      0.9621      0.6226   93
  94        7235         668      214471        8026      0.4741      0.9969      0.9155      0.9623      0.6247   94
     ----------- ----------- ----------- ----------- ----------- ----------- ----------- ----------- ----------- 
  95        7212         655      214484        8049      0.4726      0.9970      0.9167      0.9622      0.6237   95
  96        7205         643      214517        8035      0.4728      0.9970      0.9181      0.9623      0.6241   96
  97        7221         643      214497        8039      0.4732      0.9970      0.9182      0.9623      0.6245   97
  98        7225         630      214475        8070      0.4724      0.9971      0.9198      0.9622      0.6242   98
  99        7186         638      214466        8110      0.4698      0.9970      0.9185      0.9620      0.6216   99
     ----------- ----------- ----------- ----------- ----------- ----------- ----------- ----------- ----------- 

Probability Distribution (Signal)
        <0.10     <0.20     <0.30     <0.40     <0.50     <0.60     <0.70     <0.80     <0.90     <1.00  
       -------   -------   -------   -------   -------   -------   -------   -------   -------   ------- 
   0    0.6279    0.0853    0.0244    0.1131    0.0368    0.0382    0.0000    0.0253    0.0156    0.0334    0
   1    0.5042    0.0803    0.0049    0.0143    0.0197    0.0033    0.0525    0.0204    0.0294    0.2711    1
   2    0.4902    0.0342    0.0452    0.0179    0.0099    0.0050    0.0092    0.0282    0.0529    0.3072    2
   3    0.4647    0.0225    0.0521    0.0313    0.0073    0.0068    0.0205    0.0606    0.0145    0.3198    3
   4    0.4285    0.0418    0.0392    0.0354    0.0089    0.0197    0.0343    0.0340    0.0326    0.3255    4
       -------   -------   -------   -------   -------   -------   -------   -------   -------   ------- 
   5    0.4060    0.0477    0.0540    0.0167    0.0135    0.0260    0.0249    0.0452    0.0664    0.2996    5
   6    0.3878    0.0641    0.0383    0.0178    0.0160    0.0277    0.0369    0.0366    0.0786    0.2963    6
   7    0.3726    0.0701    0.0269    0.0233    0.0230    0.0326    0.0468    0.0239    0.0823    0.2984    7
   8    0.3645    0.0614    0.0306    0.0254    0.0342    0.0341    0.0366    0.0338    0.0713    0.3081    8
   9    0.3505    0.0630    0.0334    0.0313    0.0297    0.0358    0.0351    0.0369    0.0629    0.3215    9
       -------   -------   -------   -------   -------   -------   -------   -------   -------   ------- 
  10    0.3381    0.0647    0.0390    0.0331    0.0315    0.0323    0.0354    0.0378    0.0551    0.3328   10
  11    0.3310    0.0676    0.0399    0.0317    0.0324    0.0305    0.0377    0.0356    0.0505    0.3430   11
  12    0.3296    0.0674    0.0404    0.0309    0.0321    0.0331    0.0358    0.0330    0.0490    0.3485   12
  13    0.3309    0.0680    0.0381    0.0312    0.0330    0.0334    0.0331    0.0300    0.0502    0.3521   13
  14    0.3315    0.0652    0.0395    0.0321    0.0321    0.0321    0.0308    0.0325    0.0520    0.3522   14
       -------   -------   -------   -------   -------   -------   -------   -------   -------   ------- 
  15    0.3296    0.0639    0.0415    0.0323    0.0318    0.0286    0.0315    0.0366    0.0513    0.3530   15
  16    0.3295    0.0636    0.0410    0.0325    0.0316    0.0276    0.0323    0.0352    0.0530    0.3536   16
  17    0.3269    0.0639    0.0459    0.0298    0.0295    0.0326    0.0306    0.0383    0.0477    0.3548   17
  18    0.3258    0.0642    0.0445    0.0326    0.0321    0.0337    0.0317    0.0356    0.0428    0.3571   18
  19    0.3260    0.0656    0.0428    0.0340    0.0320    0.0308    0.0335    0.0321    0.0431    0.3602   19
       -------   -------   -------   -------   -------   -------   -------   -------   -------   ------- 
  20    0.3238    0.0663    0.0436    0.0339    0.0320    0.0308    0.0315    0.0307    0.0435    0.3639   20
  21    0.3252    0.0664    0.0451    0.0333    0.0294    0.0324    0.0293    0.0302    0.0428    0.3660   21
  22    0.3251    0.0666    0.0467    0.0319    0.0302    0.0288    0.0292    0.0298    0.0435    0.3683   22
  23    0.3309    0.0665    0.0407    0.0323    0.0278    0.0300    0.0306    0.0292    0.0435    0.3684   23
  24    0.3326    0.0664    0.0382    0.0336    0.0282    0.0306    0.0284    0.0295    0.0401    0.3724   24
       -------   -------   -------   -------   -------   -------   -------   -------   -------   ------- 
  25    0.3359    0.0592    0.0424    0.0325    0.0297    0.0290    0.0276    0.0281    0.0465    0.3691   25
  26    0.3355    0.0594    0.0409    0.0330    0.0284    0.0280    0.0286    0.0333    0.0417    0.3711   26
  27    0.3327    0.0593    0.0424    0.0347    0.0280    0.0277    0.0290    0.0323    0.0411    0.3729   27
  28    0.3332    0.0606    0.0416    0.0345    0.0273    0.0271    0.0305    0.0319    0.0427    0.3707   28
  29    0.3321    0.0616    0.0394    0.0349    0.0262    0.0311    0.0297    0.0304    0.0424    0.3722   29
       -------   -------   -------   -------   -------   -------   -------   -------   -------   ------- 
  30    0.3337    0.0594    0.0400    0.0341    0.0298    0.0278    0.0288    0.0315    0.0431    0.3717   30
  31    0.3354    0.0592    0.0394    0.0366    0.0265    0.0269    0.0299    0.0326    0.0404    0.3731   31
  32    0.3391    0.0532    0.0429    0.0339    0.0271    0.0290    0.0303    0.0302    0.0406    0.3736   32
  33    0.3372    0.0571    0.0413    0.0315    0.0298    0.0298    0.0273    0.0315    0.0407    0.3738   33
  34    0.3377    0.0572    0.0405    0.0315    0.0311    0.0301    0.0286    0.0282    0.0415    0.3736   34
       -------   -------   -------   -------   -------   -------   -------   -------   -------   ------- 
  35    0.3379    0.0575    0.0426    0.0320    0.0310    0.0288    0.0277    0.0297    0.0409    0.3720   35
  36    0.3415    0.0555    0.0406    0.0330    0.0304    0.0291    0.0286    0.0283    0.0405    0.3725   36
  37    0.3428    0.0562    0.0408    0.0336    0.0303    0.0249    0.0290    0.0298    0.0414    0.3712   37
  38    0.3432    0.0565    0.0451    0.0327    0.0277    0.0274    0.0288    0.0282    0.0417    0.3686   38
  39    0.3443    0.0573    0.0440    0.0327    0.0293    0.0270    0.0258    0.0312    0.0402    0.3683   39
       -------   -------   -------   -------   -------   -------   -------   -------   -------   ------- 
  40    0.3472    0.0582    0.0403    0.0318    0.0297    0.0270    0.0267    0.0318    0.0409    0.3662   40
  41    0.3506    0.0548    0.0384    0.0331    0.0299    0.0280    0.0271    0.0280    0.0424    0.3677   41
  42    0.3502    0.0547    0.0420    0.0324    0.0277    0.0274    0.0269    0.0299    0.0416    0.3671   42
  43    0.3497    0.0565    0.0400    0.0315    0.0294    0.0256    0.0264    0.0321    0.0411    0.3678   43
  44    0.3513    0.0559    0.0411    0.0309    0.0304    0.0261    0.0258    0.0317    0.0394    0.3674   44
       -------   -------   -------   -------   -------   -------   -------   -------   -------   ------- 
  45    0.3518    0.0578    0.0425    0.0307    0.0297    0.0274    0.0254    0.0291    0.0396    0.3661   45
  46    0.3546    0.0577    0.0406    0.0315    0.0291    0.0267    0.0271    0.0302    0.0378    0.3647   46
  47    0.3560    0.0575    0.0397    0.0328    0.0291    0.0279    0.0272    0.0270    0.0404    0.3625   47
  48    0.3581    0.0568    0.0387    0.0339    0.0291    0.0259    0.0256    0.0268    0.0397    0.3654   48
  49    0.3588    0.0582    0.0396    0.0325    0.0267    0.0255    0.0263    0.0276    0.0404    0.3643   49
       -------   -------   -------   -------   -------   -------   -------   -------   -------   ------- 
  50    0.3594    0.0588    0.0395    0.0308    0.0258    0.0266    0.0249    0.0307    0.0396    0.3639   50
  51    0.3606    0.0574    0.0384    0.0300    0.0287    0.0256    0.0253    0.0277    0.0426    0.3637   51
  52    0.3612    0.0562    0.0396    0.0309    0.0274    0.0259    0.0257    0.0279    0.0422    0.3631   52
  53    0.3610    0.0551    0.0387    0.0351    0.0264    0.0261    0.0246    0.0283    0.0399    0.3648   53
  54    0.3617    0.0567    0.0401    0.0330    0.0259    0.0270    0.0237    0.0304    0.0375    0.3639   54
       -------   -------   -------   -------   -------   -------   -------   -------   -------   ------- 
  55    0.3625    0.0568    0.0403    0.0305    0.0286    0.0249    0.0255    0.0281    0.0382    0.3645   55
  56    0.3629    0.0568    0.0428    0.0292    0.0283    0.0241    0.0244    0.0295    0.0383    0.3638   56
  57    0.3660    0.0554    0.0393    0.0311    0.0265    0.0267    0.0237    0.0295    0.0387    0.3631   57
  58    0.3667    0.0546    0.0391    0.0317    0.0270    0.0267    0.0248    0.0281    0.0381    0.3631   58
  59    0.3658    0.0566    0.0390    0.0330    0.0261    0.0269    0.0228    0.0306    0.0364    0.3629   59
       -------   -------   -------   -------   -------   -------   -------   -------   -------   ------- 
  60    0.3644    0.0582    0.0400    0.0289    0.0295    0.0276    0.0229    0.0264    0.0400    0.3622   60
  61    0.3641    0.0572    0.0395    0.0323    0.0277    0.0297    0.0244    0.0275    0.0379    0.3599   61
  62    0.3633    0.0567    0.0404    0.0325    0.0301    0.0251    0.0262    0.0277    0.0376    0.3604   62
  63    0.3643    0.0566    0.0424    0.0318    0.0276    0.0233    0.0268    0.0298    0.0383    0.3591   63
  64    0.3640    0.0567    0.0453    0.0281    0.0278    0.0270    0.0249    0.0259    0.0406    0.3598   64
       -------   -------   -------   -------   -------   -------   -------   -------   -------   ------- 
  65    0.3635    0.0592    0.0418    0.0324    0.0271    0.0246    0.0260    0.0250    0.0386    0.3618   65
  66    0.3653    0.0576    0.0444    0.0306    0.0270    0.0241    0.0238    0.0288    0.0383    0.3602   66
  67    0.3663    0.0609    0.0412    0.0306    0.0262    0.0238    0.0246    0.0287    0.0368    0.3608   67
  68    0.3671    0.0624    0.0396    0.0300    0.0262    0.0259    0.0242    0.0282    0.0360    0.3604   68
  69    0.3686    0.0599    0.0403    0.0309    0.0267    0.0239    0.0243    0.0275    0.0386    0.3593   69
       -------   -------   -------   -------   -------   -------   -------   -------   -------   ------- 
  70    0.3695    0.0593    0.0397    0.0312    0.0250    0.0263    0.0261    0.0266    0.0368    0.3593   70
  71    0.3701    0.0597    0.0392    0.0302    0.0263    0.0273    0.0248    0.0281    0.0358    0.3585   71
  72    0.3716    0.0588    0.0394    0.0296    0.0267    0.0250    0.0250    0.0274    0.0375    0.3591   72
  73    0.3722    0.0598    0.0389    0.0307    0.0263    0.0245    0.0238    0.0278    0.0379    0.3582   73
  74    0.3693    0.0616    0.0408    0.0292    0.0260    0.0239    0.0260    0.0247    0.0367    0.3618   74
       -------   -------   -------   -------   -------   -------   -------   -------   -------   ------- 
  75    0.3702    0.0583    0.0414    0.0306    0.0252    0.0254    0.0254    0.0257    0.0376    0.3601   75
  76    0.3723    0.0571    0.0370    0.0299    0.0272    0.0262    0.0255    0.0276    0.0378    0.3594   76
  77    0.3705    0.0572    0.0408    0.0299    0.0274    0.0238    0.0255    0.0274    0.0367    0.3607   77
  78    0.3699    0.0591    0.0387    0.0301    0.0283    0.0244    0.0249    0.0272    0.0359    0.3615   78
  79    0.3690    0.0578    0.0390    0.0306    0.0292    0.0257    0.0254    0.0285    0.0340    0.3608   79
       -------   -------   -------   -------   -------   -------   -------   -------   -------   ------- 
  80    0.3669    0.0583    0.0384    0.0325    0.0278    0.0252    0.0271    0.0309    0.0369    0.3559   80
  81    0.3700    0.0579    0.0377    0.0309    0.0276    0.0275    0.0285    0.0253    0.0367    0.3579   81
  82    0.3702    0.0556    0.0411    0.0330    0.0284    0.0257    0.0222    0.0283    0.0398    0.3556   82
  83    0.3739    0.0545    0.0408    0.0323    0.0261    0.0243    0.0261    0.0259    0.0379    0.3583   83
  84    0.3722    0.0588    0.0405    0.0312    0.0268    0.0241    0.0241    0.0268    0.0361    0.3594   84
       -------   -------   -------   -------   -------   -------   -------   -------   -------   ------- 
  85    0.3713    0.0620    0.0404    0.0315    0.0229    0.0239    0.0248    0.0281    0.0369    0.3583   85
  86    0.3739    0.0609    0.0390    0.0308    0.0250    0.0223    0.0250    0.0274    0.0368    0.3589   86
  87    0.3770    0.0568    0.0383    0.0305    0.0261    0.0223    0.0247    0.0278    0.0376    0.3590   87
  88    0.3765    0.0571    0.0404    0.0307    0.0247    0.0254    0.0228    0.0263    0.0355    0.3605   88
  89    0.3748    0.0575    0.0388    0.0320    0.0254    0.0234    0.0237    0.0275    0.0375    0.3594   89
       -------   -------   -------   -------   -------   -------   -------   -------   -------   ------- 
  90    0.3758    0.0558    0.0406    0.0296    0.0257    0.0247    0.0247    0.0251    0.0373    0.3607   90
  91    0.3761    0.0554    0.0388    0.0322    0.0246    0.0222    0.0235    0.0273    0.0373    0.3625   91
  92    0.3770    0.0563    0.0381    0.0300    0.0250    0.0224    0.0245    0.0267    0.0355    0.3645   92
  93    0.3772    0.0575    0.0397    0.0290    0.0247    0.0232    0.0233    0.0263    0.0351    0.3640   93
  94    0.3767    0.0557    0.0400    0.0297    0.0239    0.0236    0.0256    0.0272    0.0343    0.3633   94
       -------   -------   -------   -------   -------   -------   -------   -------   -------   ------- 
  95    0.3747    0.0598    0.0364    0.0304    0.0261    0.0237    0.0248    0.0280    0.0340    0.3621   95
  96    0.3767    0.0548    0.0398    0.0306    0.0253    0.0225    0.0262    0.0259    0.0362    0.3619   96
  97    0.3763    0.0557    0.0410    0.0296    0.0242    0.0253    0.0258    0.0251    0.0358    0.3613   97
  98    0.3776    0.0560    0.0396    0.0294    0.0251    0.0245    0.0269    0.0256    0.0350    0.3604   98
  99    0.3785    0.0567    0.0398    0.0296    0.0256    0.0252    0.0250    0.0271    0.0337    0.3589   99
       -------   -------   -------   -------   -------   -------   -------   -------   -------   ------- 

Probability Distribution (Noise)
        <0.10     <0.20     <0.30     <0.40     <0.50     <0.60     <0.70     <0.80     <0.90     <1.00  
       -------   -------   -------   -------   -------   -------   -------   -------   -------   ------- 
   0    0.0000    0.0000    0.0000    0.0000    0.0002    0.0000    0.0009    0.0000    0.0051    0.9938    0
   1    0.0009    0.0002    0.0002    0.0037    0.0000    0.0011    0.0012    0.0000    0.0185    0.9742    1
   2    0.0014    0.0038    0.0020    0.0001    0.0001    0.0011    0.0033    0.0107    0.0073    0.9704    2
   3    0.0017    0.0004    0.0049    0.0012    0.0001    0.0003    0.0063    0.0114    0.0065    0.9673    3
   4    0.0018    0.0011    0.0021    0.0034    0.0023    0.0004    0.0078    0.0084    0.0201    0.9526    4
       -------   -------   -------   -------   -------   -------   -------   -------   -------   ------- 
   5    0.0014    0.0015    0.0032    0.0025    0.0039    0.0014    0.0016    0.0129    0.0252    0.9463    5
   6    0.0016    0.0017    0.0022    0.0036    0.0041    0.0025    0.0031    0.0086    0.0273    0.9453    6
   7    0.0016    0.0020    0.0013    0.0037    0.0045    0.0033    0.0044    0.0065    0.0318    0.9409    7
   8    0.0017    0.0017    0.0021    0.0031    0.0036    0.0050    0.0053    0.0060    0.0313    0.9403    8
   9    0.0020    0.0016    0.0025    0.0029    0.0037    0.0046    0.0060    0.0077    0.0287    0.9402    9
       -------   -------   -------   -------   -------   -------   -------   -------   -------   ------- 
  10    0.0024    0.0013    0.0026    0.0032    0.0035    0.0046    0.0059    0.0085    0.0285    0.9394   10
  11    0.0025    0.0015    0.0023    0.0036    0.0034    0.0049    0.0057    0.0092    0.0283    0.9386   11
  12    0.0025    0.0017    0.0019    0.0037    0.0041    0.0050    0.0056    0.0094    0.0289    0.9372   12
  13    0.0026    0.0017    0.0019    0.0029    0.0045    0.0055    0.0060    0.0089    0.0294    0.9365   13
  14    0.0022    0.0022    0.0021    0.0028    0.0035    0.0057    0.0071    0.0091    0.0288    0.9365   14
       -------   -------   -------   -------   -------   -------   -------   -------   -------   ------- 
  15    0.0021    0.0020    0.0024    0.0027    0.0032    0.0049    0.0077    0.0109    0.0265    0.9376   15
  16    0.0020    0.0020    0.0024    0.0029    0.0033    0.0043    0.0071    0.0120    0.0264    0.9377   16
  17    0.0018    0.0018    0.0024    0.0029    0.0033    0.0042    0.0067    0.0128    0.0269    0.9373   17
  18    0.0017    0.0016    0.0023    0.0032    0.0034    0.0043    0.0058    0.0126    0.0276    0.9374   18
  19    0.0016    0.0016    0.0022    0.0029    0.0039    0.0042    0.0056    0.0120    0.0279    0.9380   19
       -------   -------   -------   -------   -------   -------   -------   -------   -------   ------- 
  20    0.0016    0.0015    0.0021    0.0030    0.0036    0.0044    0.0055    0.0113    0.0281    0.9390   20
  21    0.0015    0.0016    0.0020    0.0028    0.0033    0.0046    0.0056    0.0109    0.0274    0.9404   21
  22    0.0015    0.0015    0.0018    0.0026    0.0034    0.0043    0.0059    0.0109    0.0265    0.9416   22
  23    0.0015    0.0014    0.0019    0.0026    0.0033    0.0041    0.0058    0.0106    0.0259    0.9429   23
  24    0.0014    0.0014    0.0018    0.0025    0.0030    0.0041    0.0058    0.0107    0.0253    0.9441   24
       -------   -------   -------   -------   -------   -------   -------   -------   -------   ------- 
  25    0.0014    0.0013    0.0017    0.0023    0.0030    0.0043    0.0056    0.0105    0.0251    0.9449   25
  26    0.0014    0.0012    0.0016    0.0024    0.0027    0.0040    0.0058    0.0104    0.0246    0.9459   26
  27    0.0013    0.0014    0.0016    0.0020    0.0028    0.0040    0.0052    0.0104    0.0240    0.9473   27
  28    0.0012    0.0012    0.0018    0.0022    0.0028    0.0036    0.0055    0.0099    0.0235    0.9483   28
  29    0.0013    0.0013    0.0015    0.0022    0.0028    0.0037    0.0052    0.0100    0.0231    0.9489   29
       -------   -------   -------   -------   -------   -------   -------   -------   -------   ------- 
  30    0.0012    0.0013    0.0016    0.0022    0.0028    0.0036    0.0051    0.0096    0.0226    0.9501   30
  31    0.0011    0.0013    0.0016    0.0022    0.0027    0.0034    0.0052    0.0092    0.0220    0.9514   31
  32    0.0011    0.0012    0.0016    0.0020    0.0027    0.0034    0.0048    0.0092    0.0216    0.9523   32
  33    0.0011    0.0012    0.0015    0.0020    0.0026    0.0033    0.0048    0.0092    0.0213    0.9530   33
  34    0.0011    0.0014    0.0013    0.0020    0.0025    0.0033    0.0047    0.0088    0.0209    0.9539   34
       -------   -------   -------   -------   -------   -------   -------   -------   -------   ------- 
  35    0.0010    0.0012    0.0015    0.0018    0.0025    0.0035    0.0046    0.0088    0.0203    0.9547   35
  36    0.0010    0.0012    0.0015    0.0019    0.0025    0.0034    0.0050    0.0085    0.0198    0.9553   36
  37    0.0010    0.0011    0.0015    0.0018    0.0024    0.0033    0.0047    0.0086    0.0195    0.9559   37
  38    0.0010    0.0011    0.0015    0.0017    0.0023    0.0032    0.0046    0.0087    0.0190    0.9570   38
  39    0.0009    0.0011    0.0015    0.0018    0.0024    0.0031    0.0044    0.0083    0.0192    0.9574   39
       -------   -------   -------   -------   -------   -------   -------   -------   -------   ------- 
  40    0.0010    0.0010    0.0013    0.0017    0.0025    0.0029    0.0044    0.0085    0.0189    0.9578   40
  41    0.0010    0.0009    0.0014    0.0017    0.0023    0.0031    0.0044    0.0081    0.0186    0.9586   41
  42    0.0010    0.0010    0.0013    0.0016    0.0024    0.0029    0.0044    0.0076    0.0184    0.9593   42
  43    0.0009    0.0011    0.0012    0.0016    0.0023    0.0027    0.0044    0.0077    0.0182    0.9599   43
  44    0.0008    0.0010    0.0013    0.0016    0.0022    0.0029    0.0041    0.0078    0.0176    0.9608   44
       -------   -------   -------   -------   -------   -------   -------   -------   -------   ------- 
  45    0.0009    0.0010    0.0012    0.0015    0.0022    0.0028    0.0038    0.0079    0.0176    0.9613   45
  46    0.0008    0.0009    0.0012    0.0015    0.0019    0.0028    0.0039    0.0076    0.0174    0.9620   46
  47    0.0008    0.0009    0.0011    0.0015    0.0021    0.0027    0.0038    0.0073    0.0171    0.9627   47
  48    0.0009    0.0009    0.0011    0.0014    0.0020    0.0026    0.0039    0.0069    0.0168    0.9635   48
  49    0.0009    0.0008    0.0011    0.0015    0.0019    0.0026    0.0037    0.0070    0.0164    0.9640   49
       -------   -------   -------   -------   -------   -------   -------   -------   -------   ------- 
  50    0.0008    0.0009    0.0011    0.0013    0.0019    0.0026    0.0037    0.0065    0.0164    0.9648   50
  51    0.0009    0.0009    0.0011    0.0013    0.0018    0.0025    0.0034    0.0067    0.0158    0.9657   51
  52    0.0009    0.0008    0.0010    0.0013    0.0018    0.0023    0.0033    0.0066    0.0160    0.9660   52
  53    0.0008    0.0009    0.0009    0.0014    0.0016    0.0022    0.0034    0.0063    0.0158    0.9667   53
  54    0.0007    0.0008    0.0010    0.0013    0.0016    0.0021    0.0034    0.0063    0.0156    0.9672   54
       -------   -------   -------   -------   -------   -------   -------   -------   -------   ------- 
  55    0.0007    0.0008    0.0010    0.0013    0.0016    0.0021    0.0032    0.0061    0.0154    0.9677   55
  56    0.0007    0.0008    0.0010    0.0012    0.0016    0.0022    0.0031    0.0058    0.0152    0.9683   56
  57    0.0007    0.0009    0.0010    0.0013    0.0015    0.0020    0.0031    0.0059    0.0147    0.9689   57
  58    0.0007    0.0008    0.0010    0.0012    0.0016    0.0021    0.0032    0.0056    0.0142    0.9696   58
  59    0.0007    0.0007    0.0010    0.0012    0.0016    0.0021    0.0030    0.0058    0.0139    0.9699   59
       -------   -------   -------   -------   -------   -------   -------   -------   -------   ------- 
  60    0.0007    0.0007    0.0010    0.0011    0.0016    0.0022    0.0030    0.0056    0.0137    0.9704   60
  61    0.0006    0.0007    0.0010    0.0010    0.0015    0.0021    0.0030    0.0058    0.0139    0.9704   61
  62    0.0006    0.0007    0.0009    0.0012    0.0014    0.0019    0.0033    0.0054    0.0139    0.9707   62
  63    0.0006    0.0007    0.0009    0.0011    0.0015    0.0019    0.0029    0.0058    0.0135    0.9711   63
  64    0.0007    0.0005    0.0009    0.0010    0.0015    0.0021    0.0028    0.0055    0.0133    0.9717   64
       -------   -------   -------   -------   -------   -------   -------   -------   -------   ------- 
  65    0.0007    0.0006    0.0007    0.0012    0.0015    0.0020    0.0026    0.0057    0.0128    0.9722   65
  66    0.0006    0.0006    0.0007    0.0011    0.0015    0.0019    0.0028    0.0051    0.0131    0.9726   66
  67    0.0006    0.0006    0.0008    0.0010    0.0015    0.0019    0.0027    0.0052    0.0127    0.9732   67
  68    0.0005    0.0006    0.0009    0.0009    0.0013    0.0018    0.0028    0.0051    0.0127    0.9735   68
  69    0.0005    0.0006    0.0008    0.0010    0.0013    0.0017    0.0028    0.0051    0.0129    0.9733   69
       -------   -------   -------   -------   -------   -------   -------   -------   -------   ------- 
  70    0.0005    0.0006    0.0008    0.0010    0.0013    0.0017    0.0026    0.0053    0.0130    0.9733   70
  71    0.0005    0.0005    0.0008    0.0010    0.0012    0.0018    0.0027    0.0054    0.0125    0.9737   71
  72    0.0005    0.0006    0.0007    0.0009    0.0013    0.0017    0.0027    0.0052    0.0125    0.9739   72
  73    0.0005    0.0005    0.0009    0.0009    0.0013    0.0016    0.0025    0.0051    0.0123    0.9743   73
  74    0.0006    0.0005    0.0007    0.0010    0.0012    0.0017    0.0026    0.0050    0.0125    0.9743   74
       -------   -------   -------   -------   -------   -------   -------   -------   -------   ------- 
  75    0.0006    0.0005    0.0007    0.0009    0.0012    0.0017    0.0025    0.0048    0.0123    0.9747   75
  76    0.0005    0.0006    0.0007    0.0008    0.0013    0.0017    0.0024    0.0049    0.0124    0.9748   76
  77    0.0005    0.0005    0.0007    0.0009    0.0012    0.0017    0.0024    0.0046    0.0120    0.9754   77
  78    0.0005    0.0006    0.0007    0.0009    0.0011    0.0015    0.0024    0.0049    0.0120    0.9754   78
  79    0.0005    0.0005    0.0007    0.0009    0.0012    0.0016    0.0024    0.0050    0.0117    0.9755   79
       -------   -------   -------   -------   -------   -------   -------   -------   -------   ------- 
  80    0.0005    0.0005    0.0006    0.0008    0.0012    0.0018    0.0024    0.0047    0.0116    0.9760   80
  81    0.0005    0.0005    0.0007    0.0008    0.0013    0.0016    0.0024    0.0045    0.0119    0.9759   81
  82    0.0005    0.0005    0.0006    0.0009    0.0013    0.0016    0.0023    0.0045    0.0114    0.9765   82
  83    0.0004    0.0006    0.0006    0.0007    0.0012    0.0016    0.0024    0.0042    0.0115    0.9767   83
  84    0.0005    0.0005    0.0007    0.0008    0.0010    0.0015    0.0024    0.0045    0.0113    0.9768   84
       -------   -------   -------   -------   -------   -------   -------   -------   -------   ------- 
  85    0.0004    0.0005    0.0006    0.0008    0.0011    0.0015    0.0023    0.0044    0.0108    0.9775   85
  86    0.0004    0.0005    0.0007    0.0007    0.0011    0.0013    0.0022    0.0045    0.0109    0.9777   86
  87    0.0004    0.0004    0.0007    0.0008    0.0010    0.0013    0.0023    0.0045    0.0109    0.9777   87
  88    0.0004    0.0004    0.0007    0.0007    0.0012    0.0014    0.0020    0.0041    0.0107    0.9783   88
  89    0.0004    0.0005    0.0006    0.0007    0.0010    0.0016    0.0019    0.0040    0.0106    0.9787   89
       -------   -------   -------   -------   -------   -------   -------   -------   -------   ------- 
  90    0.0004    0.0004    0.0006    0.0007    0.0011    0.0014    0.0020    0.0042    0.0106    0.9786   90
  91    0.0004    0.0003    0.0006    0.0008    0.0010    0.0013    0.0020    0.0044    0.0103    0.9789   91
  92    0.0004    0.0004    0.0006    0.0006    0.0010    0.0013    0.0022    0.0043    0.0102    0.9790   92
  93    0.0004    0.0004    0.0006    0.0007    0.0010    0.0013    0.0022    0.0041    0.0102    0.9791   93
  94    0.0004    0.0005    0.0006    0.0007    0.0010    0.0014    0.0020    0.0040    0.0100    0.9794   94
       -------   -------   -------   -------   -------   -------   -------   -------   -------   ------- 
  95    0.0005    0.0004    0.0006    0.0006    0.0010    0.0013    0.0019    0.0041    0.0102    0.9795   95
  96    0.0004    0.0005    0.0005    0.0007    0.0010    0.0013    0.0019    0.0039    0.0102    0.9796   96
  97    0.0004    0.0004    0.0006    0.0006    0.0009    0.0013    0.0019    0.0038    0.0101    0.9799   97
  98    0.0004    0.0004    0.0006    0.0006    0.0009    0.0013    0.0020    0.0039    0.0100    0.9799   98
  99    0.0005    0.0004    0.0005    0.0007    0.0009    0.0012    0.0019    0.0040    0.0100    0.9799   99
       -------   -------   -------   -------   -------   -------   -------   -------   -------   ------- 
