Overall wireset performance: 184685_wnoise_U.pib_exp2a_performance.txt
-----------------------------------------------------------------------
True Positive:         930530
False Positive:          1004
True Negative:       21518475
False Negative:        589991
Recall (TPR):          0.6120
Specificity (TNR):     1.0000
Precision:             0.9989
Accuracy:              0.9743
F1 Score:              0.7590

            True       False        True       False      Recall Specificity 
        positive    positive    negative    negative       (TPR)       (TNR)   Precision    Accuracy    F1 Score 
     ----------- ----------- ----------- ----------- ----------- ----------- ----------- ----------- ----------- 
   0        1714          35      215190       13461      0.1129      0.9998      0.9800      0.9414      0.2026    0
   1        5349          20      215169        9862      0.3517      0.9999      0.9963      0.9571      0.5198    1
   2        6145          18      215163        9074      0.4038      0.9999      0.9971      0.9605      0.5748    2
   3        6803          16      215169        8412      0.4471      0.9999      0.9977      0.9634      0.6175    3
   4        7291          10      215187        7912      0.4796      1.0000      0.9986      0.9656      0.6480    4
     ----------- ----------- ----------- ----------- ----------- ----------- ----------- ----------- ----------- 
   5        7672           9      215212        7507      0.5054      1.0000      0.9988      0.9674      0.6712    5
   6        8011          10      215239        7140      0.5287      1.0000      0.9988      0.9690      0.6914    6
   7        8233           8      215251        6908      0.5438      1.0000      0.9990      0.9700      0.7042    7
   8        8425          16      215242        6717      0.5564      0.9999      0.9981      0.9708      0.7145    8
   9        8552          11      215246        6591      0.5647      0.9999      0.9987      0.9713      0.7215    9
     ----------- ----------- ----------- ----------- ----------- ----------- ----------- ----------- ----------- 
  10        8669          11      215268        6452      0.5733      0.9999      0.9987      0.9719      0.7285   10
  11        8835          13      215267        6285      0.5843      0.9999      0.9985      0.9727      0.7372   11
  12        8916           8      215242        6234      0.5885      1.0000      0.9991      0.9729      0.7407   12
  13        9034           7      215225        6134      0.5956      1.0000      0.9992      0.9733      0.7463   13
  14        9114          12      215236        6038      0.6015      0.9999      0.9987      0.9737      0.7508   14
     ----------- ----------- ----------- ----------- ----------- ----------- ----------- ----------- ----------- 
  15        9164           7      215236        5993      0.6046      1.0000      0.9992      0.9740      0.7534   15
  16        9205           6      215212        5977      0.6063      1.0000      0.9993      0.9740      0.7547   16
  17        9183           7      215203        6007      0.6045      1.0000      0.9992      0.9739      0.7533   17
  18        9179           3      215201        6017      0.6040      1.0000      0.9997      0.9739      0.7531   18
  19        9201           8      215178        6013      0.6048      1.0000      0.9991      0.9739      0.7535   19
     ----------- ----------- ----------- ----------- ----------- ----------- ----------- ----------- ----------- 
  20        9218           8      215215        5959      0.6074      1.0000      0.9991      0.9741      0.7555   20
  21        9240           6      215220        5934      0.6089      1.0000      0.9994      0.9742      0.7568   21
  22        9277           4      215241        5878      0.6121      1.0000      0.9996      0.9745      0.7593   22
  23        9350           9      215213        5828      0.6160      1.0000      0.9990      0.9747      0.7621   23
  24        9375           9      215201        5815      0.6172      1.0000      0.9990      0.9747      0.7630   24
     ----------- ----------- ----------- ----------- ----------- ----------- ----------- ----------- ----------- 
  25        9370           7      215161        5862      0.6152      1.0000      0.9993      0.9745      0.7615   25
  26        9389           9      215151        5851      0.6161      1.0000      0.9990      0.9746      0.7622   26
  27        9384          13      215161        5842      0.6163      0.9999      0.9986      0.9746      0.7622   27
  28        9387          11      215151        5851      0.6160      0.9999      0.9988      0.9746      0.7621   28
  29        9429           7      215149        5815      0.6185      1.0000      0.9993      0.9747      0.7641   29
     ----------- ----------- ----------- ----------- ----------- ----------- ----------- ----------- ----------- 
  30        9469           7      215166        5758      0.6219      1.0000      0.9993      0.9750      0.7666   30
  31        9456           9      215173        5762      0.6214      1.0000      0.9990      0.9750      0.7662   31
  32        9490          11      215189        5710      0.6243      0.9999      0.9988      0.9752      0.7684   32
  33        9469          11      215173        5747      0.6223      0.9999      0.9988      0.9750      0.7668   33
  34        9443          13      215185        5759      0.6212      0.9999      0.9986      0.9749      0.7659   34
     ----------- ----------- ----------- ----------- ----------- ----------- ----------- ----------- ----------- 
  35        9438          20      215173        5769      0.6206      0.9999      0.9979      0.9749      0.7653   35
  36        9508          13      215188        5691      0.6256      0.9999      0.9986      0.9752      0.7693   36
  37        9466          14      215207        5713      0.6236      0.9999      0.9985      0.9751      0.7678   37
  38        9542          11      215192        5655      0.6279      0.9999      0.9988      0.9754      0.7711   38
  39        9492          11      215179        5718      0.6241      0.9999      0.9988      0.9751      0.7682   39
     ----------- ----------- ----------- ----------- ----------- ----------- ----------- ----------- ----------- 
  40        9540           6      215196        5658      0.6277      1.0000      0.9994      0.9754      0.7711   40
  41        9504           8      215184        5704      0.6249      1.0000      0.9992      0.9752      0.7689   41
  42        9525           9      215194        5672      0.6268      1.0000      0.9991      0.9753      0.7703   42
  43        9575           9      215199        5617      0.6303      1.0000      0.9991      0.9756      0.7729   43
  44        9577           6      215174        5643      0.6292      1.0000      0.9994      0.9755      0.7722   44
     ----------- ----------- ----------- ----------- ----------- ----------- ----------- ----------- ----------- 
  45        9572           8      215156        5664      0.6282      1.0000      0.9992      0.9754      0.7714   45
  46        9548           7      215146        5699      0.6262      1.0000      0.9993      0.9752      0.7699   46
  47        9537           8      215160        5695      0.6261      1.0000      0.9992      0.9752      0.7698   47
  48        9535          10      215189        5666      0.6273      1.0000      0.9990      0.9754      0.7706   48
  49        9549           9      215204        5638      0.6288      1.0000      0.9991      0.9755      0.7718   49
     ----------- ----------- ----------- ----------- ----------- ----------- ----------- ----------- ----------- 
  50        9564          12      215181        5643      0.6289      0.9999      0.9987      0.9755      0.7718   50
  51        9543          10      215167        5680      0.6269      1.0000      0.9990      0.9753      0.7703   51
  52        9584           7      215174        5635      0.6297      1.0000      0.9993      0.9755      0.7726   52
  53        9587           9      215190        5614      0.6307      1.0000      0.9991      0.9756      0.7732   53
  54        9594          14      215188        5604      0.6313      0.9999      0.9985      0.9756      0.7735   54
     ----------- ----------- ----------- ----------- ----------- ----------- ----------- ----------- ----------- 
  55        9623          13      215234        5530      0.6351      0.9999      0.9987      0.9759      0.7764   55
  56        9666           9      215239        5486      0.6379      1.0000      0.9991      0.9762      0.7787   56
  57        9648           6      215234        5512      0.6364      1.0000      0.9994      0.9761      0.7776   57
  58        9637           4      215245        5514      0.6361      1.0000      0.9996      0.9761      0.7774   58
  59        9657           6      215250        5487      0.6377      1.0000      0.9994      0.9762      0.7786   59
     ----------- ----------- ----------- ----------- ----------- ----------- ----------- ----------- ----------- 
  60        9670           8      215253        5469      0.6387      1.0000      0.9992      0.9762      0.7793   60
  61        9661           3      215247        5489      0.6377      1.0000      0.9997      0.9762      0.7787   61
  62        9655          10      215264        5471      0.6383      1.0000      0.9990      0.9762      0.7789   62
  63        9669           4      215259        5468      0.6388      1.0000      0.9996      0.9762      0.7794   63
  64        9705          10      215257        5428      0.6413      1.0000      0.9990      0.9764      0.7811   64
     ----------- ----------- ----------- ----------- ----------- ----------- ----------- ----------- ----------- 
  65        9724          10      215247        5419      0.6421      1.0000      0.9990      0.9764      0.7818   65
  66        9773          16      215216        5395      0.6443      0.9999      0.9984      0.9765      0.7832   66
  67        9798          12      215207        5383      0.6454      0.9999      0.9988      0.9766      0.7841   67
  68        9760          10      215175        5455      0.6415      1.0000      0.9990      0.9763      0.7813   68
  69        9781          11      215171        5437      0.6427      0.9999      0.9989      0.9764      0.7822   69
     ----------- ----------- ----------- ----------- ----------- ----------- ----------- ----------- ----------- 
  70        9763          18      215184        5435      0.6424      0.9999      0.9982      0.9763      0.7817   70
  71        9741          12      215172        5475      0.6402      0.9999      0.9988      0.9762      0.7802   71
  72        9752           9      215174        5465      0.6409      1.0000      0.9991      0.9762      0.7808   72
  73        9789           7      215168        5436      0.6430      1.0000      0.9993      0.9764      0.7825   73
  74        9793           7      215181        5419      0.6438      1.0000      0.9993      0.9764      0.7831   74
     ----------- ----------- ----------- ----------- ----------- ----------- ----------- ----------- ----------- 
  75        9800           9      215165        5426      0.6436      1.0000      0.9991      0.9764      0.7829   75
  76        9798           9      215182        5411      0.6442      1.0000      0.9991      0.9765      0.7833   76
  77        9818           9      215189        5384      0.6458      1.0000      0.9991      0.9766      0.7845   77
  78        9821          12      215180        5387      0.6458      0.9999      0.9988      0.9766      0.7844   78
  79        9800          15      215166        5419      0.6439      0.9999      0.9985      0.9764      0.7829   79
     ----------- ----------- ----------- ----------- ----------- ----------- ----------- ----------- ----------- 
  80        9793          14      215161        5432      0.6432      0.9999      0.9986      0.9764      0.7824   80
  81        9794          12      215159        5435      0.6431      0.9999      0.9988      0.9764      0.7824   81
  82        9768          10      215161        5461      0.6414      1.0000      0.9990      0.9763      0.7812   82
  83        9750           7      215155        5488      0.6398      1.0000      0.9993      0.9762      0.7802   83
  84        9788           7      215148        5457      0.6420      1.0000      0.9993      0.9763      0.7818   84
     ----------- ----------- ----------- ----------- ----------- ----------- ----------- ----------- ----------- 
  85        9839          10      215123        5428      0.6445      1.0000      0.9990      0.9764      0.7835   85
  86        9897          15      215117        5371      0.6482      0.9999      0.9985      0.9766      0.7861   86
  87        9852          11      215106        5431      0.6446      0.9999      0.9989      0.9764      0.7836   87
  88        9815          11      215104        5470      0.6421      0.9999      0.9989      0.9762      0.7817   88
  89        9852           7      215105        5436      0.6444      1.0000      0.9993      0.9764      0.7836   89
     ----------- ----------- ----------- ----------- ----------- ----------- ----------- ----------- ----------- 
  90        9875           7      215104        5414      0.6459      1.0000      0.9993      0.9765      0.7846   90
  91        9878          10      215097        5415      0.6459      1.0000      0.9990      0.9765      0.7846   91
  92        9879           6      215108        5407      0.6463      1.0000      0.9994      0.9765      0.7850   92
  93        9863           5      215118        5414      0.6456      1.0000      0.9995      0.9765      0.7845   93
  94        9861          16      215123        5400      0.6462      0.9999      0.9984      0.9765      0.7845   94
     ----------- ----------- ----------- ----------- ----------- ----------- ----------- ----------- ----------- 
  95        9929          13      215126        5332      0.6506      0.9999      0.9987      0.9768      0.7879   95
  96        9930           6      215154        5310      0.6516      1.0000      0.9994      0.9769      0.7888   96
  97        9890           8      215132        5370      0.6481      1.0000      0.9992      0.9767      0.7862   97
  98        9913          10      215095        5382      0.6481      1.0000      0.9990      0.9766      0.7862   98
  99        9841          10      215094        5455      0.6434      1.0000      0.9990      0.9763      0.7827   99
     ----------- ----------- ----------- ----------- ----------- ----------- ----------- ----------- ----------- 

Probability Distribution (Signal)
        <0.10     <0.20     <0.30     <0.40     <0.50     <0.60     <0.70     <0.80     <0.90     <1.00  
       -------   -------   -------   -------   -------   -------   -------   -------   -------   ------- 
   0    0.6279    0.0858    0.0252    0.1111    0.0370    0.0404    0.0000    0.0237    0.0152    0.0337    0
   1    0.5257    0.0506    0.0212    0.0174    0.0335    0.0135    0.0247    0.0316    0.0390    0.2430    1
   2    0.4813    0.0480    0.0249    0.0199    0.0221    0.0170    0.0188    0.0274    0.0355    0.3051    2
   3    0.4376    0.0417    0.0268    0.0239    0.0229    0.0202    0.0258    0.0269    0.0372    0.3370    3
   4    0.4067    0.0413    0.0279    0.0224    0.0221    0.0218    0.0246    0.0259    0.0456    0.3617    4
       -------   -------   -------   -------   -------   -------   -------   -------   -------   ------- 
   5    0.3797    0.0414    0.0273    0.0250    0.0211    0.0186    0.0227    0.0299    0.0580    0.3763    5
   6    0.3585    0.0453    0.0260    0.0198    0.0217    0.0205    0.0219    0.0315    0.0616    0.3932    6
   7    0.3398    0.0466    0.0257    0.0218    0.0224    0.0232    0.0236    0.0334    0.0616    0.4018    7
   8    0.3256    0.0420    0.0299    0.0236    0.0226    0.0226    0.0250    0.0332    0.0567    0.4190    8
   9    0.3079    0.0454    0.0309    0.0281    0.0229    0.0234    0.0238    0.0322    0.0548    0.4305    9
       -------   -------   -------   -------   -------   -------   -------   -------   -------   ------- 
  10    0.2975    0.0444    0.0354    0.0260    0.0234    0.0231    0.0229    0.0297    0.0544    0.4432   10
  11    0.2883    0.0503    0.0330    0.0238    0.0203    0.0225    0.0226    0.0314    0.0534    0.4544   11
  12    0.2861    0.0489    0.0306    0.0239    0.0220    0.0191    0.0242    0.0279    0.0517    0.4657   12
  13    0.2811    0.0478    0.0304    0.0249    0.0203    0.0220    0.0216    0.0304    0.0505    0.4711   13
  14    0.2813    0.0428    0.0312    0.0214    0.0217    0.0203    0.0251    0.0282    0.0490    0.4790   14
       -------   -------   -------   -------   -------   -------   -------   -------   -------   ------- 
  15    0.2793    0.0422    0.0286    0.0243    0.0210    0.0200    0.0228    0.0305    0.0470    0.4843   15
  16    0.2811    0.0418    0.0285    0.0224    0.0200    0.0202    0.0235    0.0317    0.0436    0.4874   16
  17    0.2799    0.0415    0.0280    0.0243    0.0217    0.0221    0.0220    0.0269    0.0433    0.4904   17
  18    0.2798    0.0406    0.0304    0.0222    0.0230    0.0218    0.0213    0.0282    0.0382    0.4946   18
  19    0.2790    0.0421    0.0292    0.0236    0.0213    0.0205    0.0198    0.0251    0.0402    0.4991   19
       -------   -------   -------   -------   -------   -------   -------   -------   -------   ------- 
  20    0.2765    0.0412    0.0302    0.0244    0.0202    0.0193    0.0197    0.0239    0.0372    0.5073   20
  21    0.2748    0.0437    0.0286    0.0236    0.0204    0.0201    0.0191    0.0241    0.0358    0.5099   21
  22    0.2763    0.0418    0.0274    0.0230    0.0193    0.0179    0.0177    0.0251    0.0357    0.5157   22
  23    0.2763    0.0415    0.0240    0.0233    0.0190    0.0186    0.0204    0.0242    0.0372    0.5156   23
  24    0.2781    0.0390    0.0265    0.0214    0.0178    0.0177    0.0182    0.0247    0.0367    0.5199   24
       -------   -------   -------   -------   -------   -------   -------   -------   -------   ------- 
  25    0.2788    0.0392    0.0248    0.0209    0.0211    0.0188    0.0193    0.0226    0.0342    0.5202   25
  26    0.2791    0.0373    0.0257    0.0215    0.0203    0.0185    0.0194    0.0225    0.0352    0.5205   26
  27    0.2760    0.0364    0.0287    0.0223    0.0203    0.0173    0.0186    0.0221    0.0357    0.5226   27
  28    0.2732    0.0383    0.0278    0.0248    0.0199    0.0186    0.0180    0.0238    0.0357    0.5199   28
  29    0.2718    0.0371    0.0287    0.0234    0.0205    0.0186    0.0198    0.0243    0.0349    0.5209   29
       -------   -------   -------   -------   -------   -------   -------   -------   -------   ------- 
  30    0.2700    0.0391    0.0276    0.0210    0.0203    0.0194    0.0200    0.0240    0.0355    0.5229   30
  31    0.2701    0.0367    0.0275    0.0241    0.0203    0.0173    0.0195    0.0237    0.0363    0.5247   31
  32    0.2684    0.0372    0.0274    0.0234    0.0193    0.0209    0.0208    0.0219    0.0361    0.5247   32
  33    0.2670    0.0400    0.0294    0.0218    0.0194    0.0193    0.0191    0.0234    0.0340    0.5264   33
  34    0.2670    0.0393    0.0285    0.0239    0.0201    0.0175    0.0215    0.0213    0.0339    0.5269   34
       -------   -------   -------   -------   -------   -------   -------   -------   -------   ------- 
  35    0.2665    0.0415    0.0270    0.0241    0.0203    0.0190    0.0191    0.0214    0.0378    0.5233   35
  36    0.2668    0.0381    0.0284    0.0216    0.0196    0.0210    0.0220    0.0246    0.0366    0.5214   36
  37    0.2644    0.0370    0.0294    0.0241    0.0214    0.0205    0.0184    0.0235    0.0372    0.5239   37
  38    0.2647    0.0381    0.0269    0.0218    0.0206    0.0211    0.0215    0.0238    0.0350    0.5266   38
  39    0.2635    0.0387    0.0291    0.0234    0.0212    0.0183    0.0195    0.0231    0.0357    0.5275   39
       -------   -------   -------   -------   -------   -------   -------   -------   -------   ------- 
  40    0.2627    0.0402    0.0255    0.0238    0.0201    0.0193    0.0206    0.0255    0.0345    0.5278   40
  41    0.2630    0.0392    0.0274    0.0233    0.0222    0.0187    0.0191    0.0229    0.0360    0.5282   41
  42    0.2615    0.0392    0.0276    0.0246    0.0203    0.0194    0.0199    0.0223    0.0360    0.5292   42
  43    0.2619    0.0373    0.0269    0.0242    0.0194    0.0195    0.0201    0.0234    0.0368    0.5305   43
  44    0.2644    0.0375    0.0280    0.0217    0.0192    0.0190    0.0204    0.0248    0.0356    0.5295   44
       -------   -------   -------   -------   -------   -------   -------   -------   -------   ------- 
  45    0.2633    0.0377    0.0289    0.0226    0.0194    0.0196    0.0192    0.0238    0.0370    0.5287   45
  46    0.2624    0.0402    0.0287    0.0223    0.0201    0.0190    0.0185    0.0230    0.0379    0.5278   46
  47    0.2627    0.0382    0.0282    0.0234    0.0213    0.0198    0.0207    0.0228    0.0349    0.5280   47
  48    0.2608    0.0375    0.0294    0.0241    0.0209    0.0182    0.0187    0.0253    0.0351    0.5299   48
  49    0.2601    0.0416    0.0266    0.0242    0.0188    0.0198    0.0192    0.0230    0.0354    0.5314   49
       -------   -------   -------   -------   -------   -------   -------   -------   -------   ------- 
  50    0.2613    0.0404    0.0285    0.0216    0.0194    0.0194    0.0177    0.0235    0.0354    0.5329   50
  51    0.2610    0.0414    0.0276    0.0223    0.0209    0.0179    0.0198    0.0233    0.0340    0.5318   51
  52    0.2593    0.0403    0.0279    0.0217    0.0209    0.0197    0.0214    0.0216    0.0363    0.5307   52
  53    0.2569    0.0409    0.0284    0.0228    0.0204    0.0188    0.0200    0.0236    0.0349    0.5335   53
  54    0.2566    0.0411    0.0270    0.0224    0.0216    0.0180    0.0201    0.0221    0.0346    0.5364   54
       -------   -------   -------   -------   -------   -------   -------   -------   -------   ------- 
  55    0.2571    0.0376    0.0271    0.0239    0.0193    0.0177    0.0194    0.0249    0.0341    0.5389   55
  56    0.2571    0.0395    0.0242    0.0219    0.0193    0.0189    0.0200    0.0222    0.0341    0.5428   56
  57    0.2569    0.0373    0.0273    0.0223    0.0198    0.0167    0.0206    0.0215    0.0350    0.5425   57
  58    0.2553    0.0388    0.0263    0.0237    0.0199    0.0196    0.0183    0.0223    0.0329    0.5429   58
  59    0.2513    0.0396    0.0274    0.0236    0.0204    0.0193    0.0203    0.0225    0.0351    0.5405   59
       -------   -------   -------   -------   -------   -------   -------   -------   -------   ------- 
  60    0.2509    0.0400    0.0289    0.0221    0.0194    0.0196    0.0193    0.0232    0.0369    0.5399   60
  61    0.2515    0.0399    0.0271    0.0228    0.0209    0.0192    0.0197    0.0229    0.0358    0.5401   61
  62    0.2489    0.0412    0.0282    0.0235    0.0199    0.0174    0.0189    0.0231    0.0358    0.5432   62
  63    0.2468    0.0431    0.0302    0.0237    0.0174    0.0192    0.0195    0.0230    0.0336    0.5435   63
  64    0.2456    0.0424    0.0298    0.0204    0.0206    0.0202    0.0202    0.0227    0.0357    0.5427   64
       -------   -------   -------   -------   -------   -------   -------   -------   -------   ------- 
  65    0.2459    0.0413    0.0266    0.0223    0.0218    0.0172    0.0197    0.0242    0.0375    0.5435   65
  66    0.2453    0.0404    0.0279    0.0233    0.0188    0.0185    0.0211    0.0243    0.0357    0.5448   66
  67    0.2483    0.0362    0.0273    0.0227    0.0202    0.0190    0.0197    0.0248    0.0365    0.5455   67
  68    0.2476    0.0374    0.0278    0.0244    0.0214    0.0197    0.0199    0.0244    0.0346    0.5429   68
  69    0.2471    0.0378    0.0287    0.0241    0.0195    0.0206    0.0214    0.0219    0.0369    0.5419   69
       -------   -------   -------   -------   -------   -------   -------   -------   -------   ------- 
  70    0.2461    0.0400    0.0291    0.0242    0.0182    0.0199    0.0187    0.0231    0.0343    0.5465   70
  71    0.2458    0.0407    0.0304    0.0226    0.0203    0.0195    0.0176    0.0222    0.0358    0.5450   71
  72    0.2493    0.0384    0.0277    0.0230    0.0208    0.0175    0.0181    0.0221    0.0369    0.5462   72
  73    0.2511    0.0377    0.0267    0.0223    0.0193    0.0200    0.0183    0.0225    0.0356    0.5465   73
  74    0.2470    0.0412    0.0276    0.0214    0.0190    0.0190    0.0187    0.0222    0.0350    0.5488   74
       -------   -------   -------   -------   -------   -------   -------   -------   -------   ------- 
  75    0.2509    0.0374    0.0263    0.0225    0.0194    0.0185    0.0187    0.0214    0.0339    0.5512   75
  76    0.2493    0.0379    0.0258    0.0219    0.0209    0.0183    0.0201    0.0226    0.0347    0.5485   76
  77    0.2490    0.0380    0.0253    0.0228    0.0191    0.0179    0.0191    0.0224    0.0349    0.5516   77
  78    0.2466    0.0404    0.0275    0.0220    0.0178    0.0197    0.0195    0.0222    0.0322    0.5523   78
  79    0.2471    0.0409    0.0262    0.0217    0.0202    0.0177    0.0200    0.0231    0.0338    0.5492   79
       -------   -------   -------   -------   -------   -------   -------   -------   -------   ------- 
  80    0.2479    0.0399    0.0265    0.0238    0.0187    0.0191    0.0176    0.0254    0.0349    0.5462   80
  81    0.2502    0.0354    0.0252    0.0238    0.0223    0.0209    0.0194    0.0224    0.0359    0.5445   81
  82    0.2464    0.0389    0.0300    0.0228    0.0204    0.0196    0.0195    0.0244    0.0332    0.5448   82
  83    0.2451    0.0396    0.0303    0.0242    0.0211    0.0197    0.0194    0.0225    0.0359    0.5423   83
  84    0.2464    0.0381    0.0269    0.0238    0.0228    0.0195    0.0224    0.0215    0.0329    0.5458   84
       -------   -------   -------   -------   -------   -------   -------   -------   -------   ------- 
  85    0.2486    0.0360    0.0278    0.0223    0.0208    0.0200    0.0194    0.0224    0.0356    0.5471   85
  86    0.2469    0.0383    0.0254    0.0221    0.0191    0.0191    0.0196    0.0255    0.0361    0.5479   86
  87    0.2478    0.0380    0.0260    0.0227    0.0209    0.0198    0.0199    0.0221    0.0367    0.5462   87
  88    0.2464    0.0369    0.0291    0.0245    0.0210    0.0192    0.0176    0.0228    0.0346    0.5479   88
  89    0.2477    0.0390    0.0261    0.0224    0.0204    0.0190    0.0220    0.0233    0.0341    0.5459   89
       -------   -------   -------   -------   -------   -------   -------   -------   -------   ------- 
  90    0.2474    0.0372    0.0265    0.0241    0.0189    0.0202    0.0194    0.0225    0.0359    0.5478   90
  91    0.2457    0.0391    0.0269    0.0236    0.0188    0.0181    0.0216    0.0229    0.0349    0.5484   91
  92    0.2453    0.0406    0.0254    0.0209    0.0216    0.0192    0.0212    0.0211    0.0348    0.5500   92
  93    0.2473    0.0380    0.0261    0.0229    0.0202    0.0201    0.0179    0.0225    0.0335    0.5517   93
  94    0.2435    0.0378    0.0299    0.0219    0.0208    0.0175    0.0188    0.0237    0.0350    0.5511   94
       -------   -------   -------   -------   -------   -------   -------   -------   -------   ------- 
  95    0.2415    0.0385    0.0273    0.0221    0.0199    0.0190    0.0194    0.0237    0.0373    0.5512   95
  96    0.2414    0.0402    0.0259    0.0211    0.0198    0.0182    0.0213    0.0227    0.0365    0.5529   96
  97    0.2440    0.0358    0.0285    0.0234    0.0202    0.0191    0.0179    0.0239    0.0345    0.5528   97
  98    0.2459    0.0362    0.0269    0.0229    0.0199    0.0199    0.0208    0.0230    0.0350    0.5494   98
  99    0.2450    0.0385    0.0281    0.0235    0.0214    0.0201    0.0182    0.0234    0.0356    0.5460   99
       -------   -------   -------   -------   -------   -------   -------   -------   -------   ------- 

Probability Distribution (Noise)
        <0.10     <0.20     <0.30     <0.40     <0.50     <0.60     <0.70     <0.80     <0.90     <1.00  
       -------   -------   -------   -------   -------   -------   -------   -------   -------   ------- 
   0    0.0000    0.0000    0.0000    0.0000    0.0001    0.0000    0.0010    0.0000    0.0044    0.9945    0
   1    0.0000    0.0000    0.0000    0.0001    0.0000    0.0002    0.0001    0.0004    0.0022    0.9970    1
   2    0.0000    0.0000    0.0000    0.0000    0.0000    0.0001    0.0002    0.0003    0.0016    0.9979    2
   3    0.0000    0.0000    0.0000    0.0000    0.0000    0.0001    0.0002    0.0004    0.0013    0.9980    3
   4    0.0000    0.0000    0.0000    0.0000    0.0000    0.0001    0.0001    0.0003    0.0010    0.9986    4
       -------   -------   -------   -------   -------   -------   -------   -------   -------   ------- 
   5    0.0000    0.0000    0.0000    0.0000    0.0000    0.0000    0.0001    0.0003    0.0007    0.9988    5
   6    0.0000    0.0000    0.0000    0.0000    0.0000    0.0001    0.0001    0.0002    0.0008    0.9988    6
   7    0.0000    0.0000    0.0000    0.0000    0.0000    0.0000    0.0001    0.0002    0.0007    0.9990    7
   8    0.0000    0.0000    0.0000    0.0000    0.0000    0.0000    0.0001    0.0002    0.0007    0.9990    8
   9    0.0000    0.0000    0.0000    0.0000    0.0000    0.0001    0.0000    0.0001    0.0008    0.9990    9
       -------   -------   -------   -------   -------   -------   -------   -------   -------   ------- 
  10    0.0000    0.0000    0.0000    0.0000    0.0000    0.0000    0.0001    0.0002    0.0007    0.9989   10
  11    0.0000    0.0000    0.0000    0.0000    0.0000    0.0000    0.0001    0.0002    0.0007    0.9989   11
  12    0.0000    0.0000    0.0000    0.0000    0.0000    0.0000    0.0001    0.0001    0.0008    0.9989   12
  13    0.0000    0.0000    0.0000    0.0000    0.0000    0.0000    0.0000    0.0002    0.0006    0.9991   13
  14    0.0000    0.0000    0.0000    0.0000    0.0000    0.0000    0.0001    0.0001    0.0007    0.9991   14
       -------   -------   -------   -------   -------   -------   -------   -------   -------   ------- 
  15    0.0000    0.0000    0.0000    0.0000    0.0000    0.0000    0.0001    0.0002    0.0007    0.9991   15
  16    0.0000    0.0000    0.0000    0.0000    0.0000    0.0000    0.0000    0.0001    0.0006    0.9992   16
  17    0.0000    0.0000    0.0000    0.0000    0.0000    0.0000    0.0001    0.0001    0.0007    0.9991   17
  18    0.0000    0.0000    0.0000    0.0000    0.0000    0.0000    0.0001    0.0002    0.0008    0.9989   18
  19    0.0000    0.0000    0.0000    0.0000    0.0000    0.0000    0.0001    0.0002    0.0009    0.9988   19
       -------   -------   -------   -------   -------   -------   -------   -------   -------   ------- 
  20    0.0000    0.0000    0.0000    0.0000    0.0000    0.0000    0.0001    0.0002    0.0010    0.9987   20
  21    0.0000    0.0000    0.0000    0.0000    0.0000    0.0000    0.0001    0.0003    0.0010    0.9987   21
  22    0.0000    0.0000    0.0000    0.0000    0.0000    0.0000    0.0001    0.0002    0.0010    0.9986   22
  23    0.0000    0.0000    0.0000    0.0000    0.0000    0.0000    0.0001    0.0002    0.0011    0.9986   23
  24    0.0000    0.0000    0.0000    0.0000    0.0000    0.0000    0.0000    0.0001    0.0009    0.9988   24
       -------   -------   -------   -------   -------   -------   -------   -------   -------   ------- 
  25    0.0000    0.0000    0.0000    0.0000    0.0000    0.0000    0.0001    0.0002    0.0009    0.9988   25
  26    0.0000    0.0000    0.0000    0.0000    0.0000    0.0000    0.0001    0.0002    0.0008    0.9988   26
  27    0.0000    0.0000    0.0000    0.0000    0.0000    0.0000    0.0001    0.0002    0.0008    0.9989   27
  28    0.0000    0.0000    0.0000    0.0000    0.0000    0.0000    0.0001    0.0003    0.0009    0.9987   28
  29    0.0000    0.0000    0.0000    0.0000    0.0000    0.0000    0.0001    0.0003    0.0009    0.9987   29
       -------   -------   -------   -------   -------   -------   -------   -------   -------   ------- 
  30    0.0000    0.0000    0.0000    0.0000    0.0000    0.0001    0.0001    0.0002    0.0011    0.9985   30
  31    0.0000    0.0000    0.0000    0.0000    0.0000    0.0000    0.0001    0.0003    0.0010    0.9986   31
  32    0.0000    0.0000    0.0000    0.0000    0.0000    0.0000    0.0001    0.0003    0.0010    0.9986   32
  33    0.0000    0.0000    0.0000    0.0000    0.0000    0.0000    0.0000    0.0002    0.0010    0.9986   33
  34    0.0000    0.0000    0.0000    0.0000    0.0000    0.0000    0.0001    0.0003    0.0011    0.9984   34
       -------   -------   -------   -------   -------   -------   -------   -------   -------   ------- 
  35    0.0000    0.0000    0.0000    0.0000    0.0000    0.0000    0.0001    0.0003    0.0011    0.9985   35
  36    0.0000    0.0000    0.0000    0.0000    0.0000    0.0000    0.0001    0.0002    0.0011    0.9985   36
  37    0.0000    0.0000    0.0000    0.0000    0.0000    0.0000    0.0001    0.0002    0.0011    0.9984   37
  38    0.0000    0.0000    0.0000    0.0000    0.0000    0.0000    0.0001    0.0002    0.0010    0.9985   38
  39    0.0000    0.0000    0.0000    0.0000    0.0000    0.0000    0.0001    0.0003    0.0010    0.9986   39
       -------   -------   -------   -------   -------   -------   -------   -------   -------   ------- 
  40    0.0000    0.0000    0.0000    0.0000    0.0000    0.0000    0.0001    0.0002    0.0012    0.9985   40
  41    0.0000    0.0000    0.0000    0.0000    0.0000    0.0000    0.0001    0.0002    0.0011    0.9985   41
  42    0.0000    0.0000    0.0000    0.0000    0.0000    0.0000    0.0001    0.0002    0.0010    0.9986   42
  43    0.0000    0.0000    0.0000    0.0000    0.0000    0.0000    0.0001    0.0002    0.0011    0.9985   43
  44    0.0000    0.0000    0.0000    0.0000    0.0000    0.0000    0.0001    0.0003    0.0011    0.9985   44
       -------   -------   -------   -------   -------   -------   -------   -------   -------   ------- 
  45    0.0000    0.0000    0.0000    0.0000    0.0000    0.0000    0.0001    0.0002    0.0011    0.9986   45
  46    0.0000    0.0000    0.0000    0.0000    0.0000    0.0000    0.0001    0.0002    0.0010    0.9987   46
  47    0.0000    0.0000    0.0000    0.0000    0.0000    0.0000    0.0001    0.0002    0.0011    0.9985   47
  48    0.0000    0.0000    0.0000    0.0000    0.0000    0.0001    0.0001    0.0002    0.0012    0.9985   48
  49    0.0000    0.0000    0.0000    0.0000    0.0000    0.0000    0.0001    0.0003    0.0011    0.9985   49
       -------   -------   -------   -------   -------   -------   -------   -------   -------   ------- 
  50    0.0000    0.0000    0.0000    0.0000    0.0000    0.0000    0.0001    0.0002    0.0011    0.9985   50
  51    0.0000    0.0000    0.0000    0.0000    0.0000    0.0000    0.0001    0.0002    0.0010    0.9986   51
  52    0.0000    0.0000    0.0000    0.0000    0.0000    0.0000    0.0001    0.0002    0.0010    0.9987   52
  53    0.0000    0.0000    0.0000    0.0000    0.0000    0.0000    0.0001    0.0002    0.0011    0.9985   53
  54    0.0000    0.0000    0.0000    0.0000    0.0000    0.0001    0.0000    0.0002    0.0010    0.9987   54
       -------   -------   -------   -------   -------   -------   -------   -------   -------   ------- 
  55    0.0000    0.0000    0.0000    0.0000    0.0000    0.0001    0.0001    0.0002    0.0011    0.9985   55
  56    0.0000    0.0000    0.0000    0.0000    0.0000    0.0000    0.0000    0.0002    0.0012    0.9985   56
  57    0.0000    0.0000    0.0000    0.0000    0.0000    0.0000    0.0001    0.0002    0.0011    0.9986   57
  58    0.0000    0.0000    0.0000    0.0000    0.0000    0.0000    0.0001    0.0002    0.0010    0.9986   58
  59    0.0000    0.0000    0.0000    0.0000    0.0000    0.0000    0.0001    0.0003    0.0011    0.9985   59
       -------   -------   -------   -------   -------   -------   -------   -------   -------   ------- 
  60    0.0000    0.0000    0.0000    0.0000    0.0000    0.0000    0.0001    0.0003    0.0010    0.9986   60
  61    0.0000    0.0000    0.0000    0.0000    0.0000    0.0000    0.0001    0.0002    0.0011    0.9985   61
  62    0.0000    0.0000    0.0000    0.0000    0.0000    0.0000    0.0000    0.0002    0.0010    0.9987   62
  63    0.0000    0.0000    0.0000    0.0000    0.0000    0.0000    0.0001    0.0002    0.0010    0.9987   63
  64    0.0000    0.0000    0.0000    0.0000    0.0000    0.0000    0.0001    0.0002    0.0011    0.9985   64
       -------   -------   -------   -------   -------   -------   -------   -------   -------   ------- 
  65    0.0000    0.0000    0.0000    0.0000    0.0000    0.0000    0.0001    0.0002    0.0011    0.9985   65
  66    0.0000    0.0000    0.0000    0.0000    0.0000    0.0000    0.0001    0.0003    0.0010    0.9986   66
  67    0.0000    0.0000    0.0000    0.0000    0.0000    0.0000    0.0001    0.0003    0.0011    0.9985   67
  68    0.0000    0.0000    0.0000    0.0000    0.0000    0.0000    0.0001    0.0002    0.0012    0.9984   68
  69    0.0000    0.0000    0.0000    0.0000    0.0000    0.0000    0.0001    0.0002    0.0011    0.9985   69
       -------   -------   -------   -------   -------   -------   -------   -------   -------   ------- 
  70    0.0000    0.0000    0.0000    0.0000    0.0000    0.0000    0.0001    0.0003    0.0010    0.9986   70
  71    0.0000    0.0000    0.0000    0.0000    0.0000    0.0000    0.0001    0.0002    0.0010    0.9986   71
  72    0.0000    0.0000    0.0000    0.0000    0.0000    0.0001    0.0001    0.0002    0.0010    0.9986   72
  73    0.0000    0.0000    0.0000    0.0000    0.0000    0.0000    0.0001    0.0003    0.0010    0.9986   73
  74    0.0000    0.0000    0.0000    0.0000    0.0000    0.0000    0.0001    0.0002    0.0011    0.9985   74
       -------   -------   -------   -------   -------   -------   -------   -------   -------   ------- 
  75    0.0000    0.0000    0.0000    0.0000    0.0000    0.0000    0.0001    0.0002    0.0010    0.9986   75
  76    0.0000    0.0000    0.0000    0.0000    0.0000    0.0000    0.0001    0.0002    0.0010    0.9987   76
  77    0.0000    0.0000    0.0000    0.0000    0.0000    0.0000    0.0001    0.0002    0.0011    0.9986   77
  78    0.0000    0.0000    0.0000    0.0000    0.0000    0.0000    0.0001    0.0002    0.0010    0.9986   78
  79    0.0000    0.0000    0.0000    0.0000    0.0000    0.0000    0.0001    0.0002    0.0011    0.9985   79
       -------   -------   -------   -------   -------   -------   -------   -------   -------   ------- 
  80    0.0000    0.0000    0.0000    0.0000    0.0000    0.0000    0.0001    0.0002    0.0010    0.9986   80
  81    0.0000    0.0000    0.0000    0.0000    0.0000    0.0000    0.0001    0.0002    0.0010    0.9985   81
  82    0.0000    0.0000    0.0000    0.0000    0.0000    0.0000    0.0001    0.0002    0.0011    0.9986   82
  83    0.0000    0.0000    0.0000    0.0000    0.0000    0.0000    0.0001    0.0002    0.0010    0.9986   83
  84    0.0000    0.0000    0.0000    0.0000    0.0000    0.0000    0.0001    0.0002    0.0011    0.9985   84
       -------   -------   -------   -------   -------   -------   -------   -------   -------   ------- 
  85    0.0000    0.0000    0.0000    0.0000    0.0000    0.0000    0.0001    0.0003    0.0011    0.9985   85
  86    0.0000    0.0000    0.0000    0.0000    0.0000    0.0001    0.0001    0.0002    0.0010    0.9986   86
  87    0.0000    0.0000    0.0000    0.0000    0.0000    0.0001    0.0001    0.0002    0.0011    0.9985   87
  88    0.0000    0.0000    0.0000    0.0000    0.0000    0.0000    0.0001    0.0002    0.0011    0.9985   88
  89    0.0000    0.0000    0.0000    0.0000    0.0000    0.0000    0.0001    0.0002    0.0010    0.9986   89
       -------   -------   -------   -------   -------   -------   -------   -------   -------   ------- 
  90    0.0000    0.0000    0.0000    0.0000    0.0000    0.0000    0.0001    0.0002    0.0010    0.9986   90
  91    0.0000    0.0000    0.0000    0.0000    0.0000    0.0000    0.0001    0.0003    0.0009    0.9987   91
  92    0.0000    0.0000    0.0000    0.0000    0.0000    0.0000    0.0001    0.0002    0.0011    0.9986   92
  93    0.0000    0.0000    0.0000    0.0000    0.0000    0.0000    0.0001    0.0002    0.0010    0.9988   93
  94    0.0000    0.0000    0.0000    0.0000    0.0000    0.0000    0.0000    0.0002    0.0010    0.9987   94
       -------   -------   -------   -------   -------   -------   -------   -------   -------   ------- 
  95    0.0000    0.0000    0.0000    0.0000    0.0000    0.0000    0.0001    0.0002    0.0011    0.9985   95
  96    0.0000    0.0000    0.0000    0.0000    0.0000    0.0000    0.0001    0.0002    0.0011    0.9986   96
  97    0.0000    0.0000    0.0000    0.0000    0.0000    0.0000    0.0001    0.0002    0.0010    0.9987   97
  98    0.0000    0.0000    0.0000    0.0000    0.0000    0.0000    0.0001    0.0002    0.0010    0.9987   98
  99    0.0000    0.0000    0.0000    0.0000    0.0000    0.0000    0.0001    0.0002    0.0010    0.9986   99
       -------   -------   -------   -------   -------   -------   -------   -------   -------   ------- 
