Overall wireset performance: 184685_wnoise_U.pib_exp1a_performance.txt
-----------------------------------------------------------------------
True Positive:         926576
False Positive:         11964
True Negative:       21507515
False Negative:        593945
Recall (TPR):          0.6094
Specificity (TNR):     0.9994
Precision:             0.9873
Accuracy:              0.9737
F1 Score:              0.7536

            True       False        True       False      Recall Specificity 
        positive    positive    negative    negative       (TPR)       (TNR)   Precision    Accuracy    F1 Score 
     ----------- ----------- ----------- ----------- ----------- ----------- ----------- ----------- ----------- 
   0        6293        1195      214030        8882      0.4147      0.9944      0.8404      0.9563      0.5554    0
   1        6651         280      214909        8560      0.4372      0.9987      0.9596      0.9616      0.6008    1
   2        7728         282      214899        7491      0.5078      0.9987      0.9648      0.9663      0.6654    2
   3        8394         288      214897        6821      0.5517      0.9987      0.9668      0.9691      0.7025    3
   4        8745         215      214982        6458      0.5752      0.9990      0.9760      0.9710      0.7238    4
     ----------- ----------- ----------- ----------- ----------- ----------- ----------- ----------- ----------- 
   5        8987         182      215039        6192      0.5921      0.9992      0.9802      0.9723      0.7382    5
   6        9110         165      215084        6041      0.6013      0.9992      0.9822      0.9731      0.7459    6
   7        9233         121      215138        5908      0.6098      0.9994      0.9871      0.9738      0.7539    7
   8        9269         133      215125        5873      0.6121      0.9994      0.9859      0.9739      0.7553    8
   9        9315         122      215135        5828      0.6151      0.9994      0.9871      0.9742      0.7579    9
     ----------- ----------- ----------- ----------- ----------- ----------- ----------- ----------- ----------- 
  10        9344         114      215165        5777      0.6179      0.9995      0.9879      0.9744      0.7603   10
  11        9379         119      215161        5741      0.6203      0.9994      0.9875      0.9746      0.7620   11
  12        9401         115      215135        5749      0.6205      0.9995      0.9879      0.9745      0.7623   12
  13        9425          92      215140        5743      0.6214      0.9996      0.9903      0.9747      0.7636   13
  14        9444          90      215158        5708      0.6233      0.9996      0.9906      0.9748      0.7651   14
     ----------- ----------- ----------- ----------- ----------- ----------- ----------- ----------- ----------- 
  15        9441          94      215149        5716      0.6229      0.9996      0.9901      0.9748      0.7647   15
  16        9398          89      215129        5784      0.6190      0.9996      0.9906      0.9745      0.7619   16
  17        9350          93      215117        5840      0.6155      0.9996      0.9902      0.9742      0.7591   17
  18        9345          81      215123        5851      0.6150      0.9996      0.9914      0.9743      0.7591   18
  19        9301         111      215075        5913      0.6113      0.9995      0.9882      0.9739      0.7554   19
     ----------- ----------- ----------- ----------- ----------- ----------- ----------- ----------- ----------- 
  20        9301         105      215118        5876      0.6128      0.9995      0.9888      0.9740      0.7567   20
  21        9313         106      215120        5861      0.6137      0.9995      0.9887      0.9741      0.7574   21
  22        9331          88      215157        5824      0.6157      0.9996      0.9907      0.9743      0.7594   22
  23        9317          87      215135        5861      0.6138      0.9996      0.9907      0.9742      0.7580   23
  24        9308          86      215124        5882      0.6128      0.9996      0.9908      0.9741      0.7572   24
     ----------- ----------- ----------- ----------- ----------- ----------- ----------- ----------- ----------- 
  25        9280          90      215078        5952      0.6092      0.9996      0.9904      0.9738      0.7544   25
  26        9273          86      215074        5967      0.6085      0.9996      0.9908      0.9737      0.7539   26
  27        9283          93      215081        5943      0.6097      0.9996      0.9901      0.9738      0.7547   27
  28        9252         109      215053        5986      0.6072      0.9995      0.9884      0.9735      0.7522   28
  29        9309          96      215060        5935      0.6107      0.9996      0.9898      0.9738      0.7553   29
     ----------- ----------- ----------- ----------- ----------- ----------- ----------- ----------- ----------- 
  30        9261          91      215082        5966      0.6082      0.9996      0.9903      0.9737      0.7536   30
  31        9282          82      215100        5936      0.6099      0.9996      0.9912      0.9739      0.7552   31
  32        9252         100      215100        5948      0.6087      0.9995      0.9893      0.9738      0.7537   32
  33        9231         109      215075        5985      0.6067      0.9995      0.9883      0.9736      0.7518   33
  34        9216         124      215074        5986      0.6062      0.9994      0.9867      0.9735      0.7510   34
     ----------- ----------- ----------- ----------- ----------- ----------- ----------- ----------- ----------- 
  35        9224         115      215078        5983      0.6066      0.9995      0.9877      0.9735      0.7516   35
  36        9214         108      215093        5985      0.6062      0.9995      0.9884      0.9736      0.7515   36
  37        9264         128      215093        5915      0.6103      0.9994      0.9864      0.9738      0.7541   37
  38        9219         116      215087        5978      0.6066      0.9995      0.9876      0.9736      0.7516   38
  39        9263         100      215090        5947      0.6090      0.9995      0.9893      0.9738      0.7539   39
     ----------- ----------- ----------- ----------- ----------- ----------- ----------- ----------- ----------- 
  40        9291         100      215102        5907      0.6113      0.9995      0.9894      0.9739      0.7557   40
  41        9285         102      215090        5923      0.6105      0.9995      0.9891      0.9738      0.7550   41
  42        9246          99      215104        5951      0.6084      0.9995      0.9894      0.9737      0.7535   42
  43        9307         109      215099        5885      0.6126      0.9995      0.9884      0.9740      0.7564   43
  44        9288         106      215074        5932      0.6102      0.9995      0.9887      0.9738      0.7547   44
     ----------- ----------- ----------- ----------- ----------- ----------- ----------- ----------- ----------- 
  45        9273         107      215057        5963      0.6086      0.9995      0.9886      0.9737      0.7534   45
  46        9202         100      215053        6045      0.6035      0.9995      0.9892      0.9733      0.7497   46
  47        9216         114      215054        6016      0.6050      0.9995      0.9878      0.9734      0.7504   47
  48        9232         106      215093        5969      0.6073      0.9995      0.9886      0.9736      0.7524   48
  49        9234         112      215101        5953      0.6080      0.9995      0.9880      0.9737      0.7528   49
     ----------- ----------- ----------- ----------- ----------- ----------- ----------- ----------- ----------- 
  50        9243         100      215093        5964      0.6078      0.9995      0.9893      0.9737      0.7530   50
  51        9219          88      215089        6004      0.6056      0.9996      0.9905      0.9736      0.7517   51
  52        9239         103      215078        5980      0.6071      0.9995      0.9890      0.9736      0.7523   52
  53        9282          86      215113        5919      0.6106      0.9996      0.9908      0.9739      0.7556   53
  54        9320          91      215111        5878      0.6132      0.9996      0.9903      0.9741      0.7574   54
     ----------- ----------- ----------- ----------- ----------- ----------- ----------- ----------- ----------- 
  55        9346         116      215131        5807      0.6168      0.9995      0.9877      0.9743      0.7594   55
  56        9337         100      215148        5815      0.6162      0.9995      0.9894      0.9743      0.7594   56
  57        9309          90      215150        5851      0.6141      0.9996      0.9904      0.9742      0.7581   57
  58        9283         105      215144        5868      0.6127      0.9995      0.9888      0.9741      0.7566   58
  59        9365         106      215150        5779      0.6184      0.9995      0.9888      0.9745      0.7609   59
     ----------- ----------- ----------- ----------- ----------- ----------- ----------- ----------- ----------- 
  60        9374         103      215158        5765      0.6192      0.9995      0.9891      0.9745      0.7616   60
  61        9371          98      215152        5779      0.6185      0.9995      0.9897      0.9745      0.7613   61
  62        9367          98      215176        5759      0.6193      0.9995      0.9896      0.9746      0.7618   62
  63        9360          90      215173        5777      0.6184      0.9996      0.9905      0.9745      0.7614   63
  64        9399          99      215168        5734      0.6211      0.9995      0.9896      0.9747      0.7632   64
     ----------- ----------- ----------- ----------- ----------- ----------- ----------- ----------- ----------- 
  65        9412         103      215154        5731      0.6215      0.9995      0.9892      0.9747      0.7634   65
  66        9429          93      215139        5739      0.6216      0.9996      0.9902      0.9747      0.7638   66
  67        9446         110      215109        5735      0.6222      0.9995      0.9885      0.9746      0.7637   67
  68        9443         106      215079        5772      0.6206      0.9995      0.9889      0.9745      0.7626   68
  69        9442         108      215074        5776      0.6204      0.9995      0.9887      0.9745      0.7624   69
     ----------- ----------- ----------- ----------- ----------- ----------- ----------- ----------- ----------- 
  70        9445          95      215107        5753      0.6215      0.9996      0.9900      0.9746      0.7636   70
  71        9437          91      215093        5779      0.6202      0.9996      0.9904      0.9745      0.7628   71
  72        9452          97      215086        5765      0.6211      0.9995      0.9898      0.9746      0.7633   72
  73        9448         108      215067        5777      0.6206      0.9995      0.9887      0.9745      0.7625   73
  74        9445          99      215089        5767      0.6209      0.9995      0.9896      0.9745      0.7630   74
     ----------- ----------- ----------- ----------- ----------- ----------- ----------- ----------- ----------- 
  75        9460          95      215079        5766      0.6213      0.9996      0.9901      0.9746      0.7635   75
  76        9508          88      215103        5701      0.6252      0.9996      0.9908      0.9749      0.7666   76
  77        9470          95      215103        5732      0.6229      0.9996      0.9901      0.9747      0.7647   77
  78        9431          99      215093        5777      0.6201      0.9995      0.9896      0.9745      0.7625   78
  79        9456         102      215079        5763      0.6213      0.9995      0.9893      0.9745      0.7633   79
     ----------- ----------- ----------- ----------- ----------- ----------- ----------- ----------- ----------- 
  80        9404          93      215082        5821      0.6177      0.9996      0.9902      0.9743      0.7608   80
  81        9433         114      215057        5796      0.6194      0.9995      0.9881      0.9743      0.7615   81
  82        9401          99      215072        5828      0.6173      0.9995      0.9896      0.9743      0.7603   82
  83        9353          86      215076        5885      0.6138      0.9996      0.9909      0.9741      0.7580   83
  84        9384          95      215060        5861      0.6155      0.9996      0.9900      0.9741      0.7591   84
     ----------- ----------- ----------- ----------- ----------- ----------- ----------- ----------- ----------- 
  85        9426          95      215038        5841      0.6174      0.9996      0.9900      0.9742      0.7605   85
  86        9504         114      215018        5764      0.6225      0.9995      0.9881      0.9745      0.7638   86
  87        9488         117      215000        5795      0.6208      0.9995      0.9878      0.9743      0.7625   87
  88        9482         110      215005        5803      0.6203      0.9995      0.9885      0.9743      0.7623   88
  89        9495          88      215024        5793      0.6211      0.9996      0.9908      0.9745      0.7635   89
     ----------- ----------- ----------- ----------- ----------- ----------- ----------- ----------- ----------- 
  90        9479          74      215037        5810      0.6200      0.9997      0.9923      0.9745      0.7631   90
  91        9494          91      215016        5799      0.6208      0.9996      0.9905      0.9744      0.7632   91
  92        9518          91      215023        5768      0.6227      0.9996      0.9905      0.9746      0.7647   92
  93        9508          79      215044        5769      0.6224      0.9996      0.9918      0.9746      0.7648   93
  94        9545         103      215036        5716      0.6255      0.9995      0.9893      0.9747      0.7664   94
     ----------- ----------- ----------- ----------- ----------- ----------- ----------- ----------- ----------- 
  95        9582          94      215045        5679      0.6279      0.9996      0.9903      0.9749      0.7685   95
  96        9506          98      215062        5734      0.6238      0.9995      0.9898      0.9747      0.7653   96
  97        9539         112      215028        5721      0.6251      0.9995      0.9884      0.9747      0.7658   97
  98        9508          98      215007        5787      0.6216      0.9995      0.9898      0.9745      0.7637   98
  99        9469          96      215008        5827      0.6191      0.9996      0.9900      0.9743      0.7618   99
     ----------- ----------- ----------- ----------- ----------- ----------- ----------- ----------- ----------- 

Probability Distribution (Signal)
        <0.10     <0.20     <0.30     <0.40     <0.50     <0.60     <0.70     <0.80     <0.90     <1.00  
       -------   -------   -------   -------   -------   -------   -------   -------   -------   ------- 
   0    0.5853    0.0000    0.0000    0.0000    0.0000    0.0679    0.0090    0.0000    0.0000    0.3378    0
   1    0.4764    0.0329    0.0135    0.0018    0.0381    0.0024    0.0036    0.0153    0.0119    0.4040    1
   2    0.3864    0.0537    0.0239    0.0118    0.0165    0.0103    0.0175    0.0096    0.0198    0.4506    2
   3    0.3493    0.0455    0.0257    0.0139    0.0140    0.0143    0.0156    0.0185    0.0279    0.4755    3
   4    0.3232    0.0418    0.0270    0.0144    0.0184    0.0185    0.0162    0.0215    0.0380    0.4810    4
       -------   -------   -------   -------   -------   -------   -------   -------   -------   ------- 
   5    0.3025    0.0447    0.0238    0.0179    0.0190    0.0192    0.0204    0.0263    0.0331    0.4931    5
   6    0.2897    0.0466    0.0267    0.0168    0.0189    0.0180    0.0225    0.0258    0.0356    0.4994    6
   7    0.2816    0.0468    0.0244    0.0193    0.0181    0.0217    0.0225    0.0262    0.0393    0.5002    7
   8    0.2781    0.0453    0.0265    0.0203    0.0177    0.0192    0.0230    0.0264    0.0371    0.5065    8
   9    0.2737    0.0472    0.0266    0.0197    0.0176    0.0204    0.0225    0.0252    0.0398    0.5073    9
       -------   -------   -------   -------   -------   -------   -------   -------   -------   ------- 
  10    0.2719    0.0454    0.0261    0.0206    0.0182    0.0209    0.0214    0.0253    0.0407    0.5097   10
  11    0.2706    0.0466    0.0269    0.0179    0.0178    0.0211    0.0233    0.0259    0.0388    0.5112   11
  12    0.2700    0.0484    0.0242    0.0192    0.0176    0.0209    0.0246    0.0240    0.0419    0.5090   12
  13    0.2675    0.0473    0.0254    0.0205    0.0179    0.0208    0.0229    0.0279    0.0424    0.5074   13
  14    0.2700    0.0426    0.0275    0.0181    0.0185    0.0223    0.0242    0.0275    0.0391    0.5102   14
       -------   -------   -------   -------   -------   -------   -------   -------   -------   ------- 
  15    0.2702    0.0455    0.0273    0.0177    0.0164    0.0219    0.0247    0.0257    0.0414    0.5091   15
  16    0.2726    0.0459    0.0281    0.0175    0.0169    0.0223    0.0238    0.0267    0.0391    0.5072   16
  17    0.2731    0.0461    0.0276    0.0202    0.0174    0.0196    0.0217    0.0281    0.0423    0.5038   17
  18    0.2739    0.0448    0.0283    0.0189    0.0191    0.0224    0.0242    0.0257    0.0422    0.5005   18
  19    0.2745    0.0482    0.0268    0.0205    0.0187    0.0206    0.0219    0.0256    0.0423    0.5010   19
       -------   -------   -------   -------   -------   -------   -------   -------   -------   ------- 
  20    0.2746    0.0463    0.0286    0.0195    0.0183    0.0214    0.0228    0.0248    0.0405    0.5033   20
  21    0.2696    0.0492    0.0281    0.0193    0.0200    0.0200    0.0232    0.0272    0.0396    0.5037   21
  22    0.2719    0.0485    0.0278    0.0179    0.0181    0.0205    0.0243    0.0253    0.0399    0.5057   22
  23    0.2715    0.0488    0.0278    0.0192    0.0189    0.0209    0.0240    0.0258    0.0421    0.5011   23
  24    0.2779    0.0427    0.0297    0.0174    0.0195    0.0191    0.0238    0.0277    0.0420    0.5001   24
       -------   -------   -------   -------   -------   -------   -------   -------   -------   ------- 
  25    0.2765    0.0475    0.0288    0.0195    0.0184    0.0202    0.0220    0.0293    0.0386    0.4992   25
  26    0.2797    0.0476    0.0268    0.0190    0.0184    0.0190    0.0235    0.0290    0.0408    0.4961   26
  27    0.2789    0.0472    0.0273    0.0202    0.0167    0.0206    0.0237    0.0270    0.0407    0.4978   27
  28    0.2779    0.0487    0.0285    0.0192    0.0185    0.0217    0.0236    0.0249    0.0427    0.4942   28
  29    0.2781    0.0468    0.0266    0.0201    0.0177    0.0237    0.0246    0.0273    0.0391    0.4959   29
       -------   -------   -------   -------   -------   -------   -------   -------   -------   ------- 
  30    0.2781    0.0488    0.0270    0.0206    0.0173    0.0199    0.0261    0.0253    0.0386    0.4983   30
  31    0.2791    0.0477    0.0267    0.0187    0.0177    0.0206    0.0237    0.0265    0.0409    0.4982   31
  32    0.2770    0.0473    0.0264    0.0197    0.0208    0.0213    0.0232    0.0262    0.0398    0.4982   32
  33    0.2782    0.0484    0.0295    0.0189    0.0183    0.0221    0.0237    0.0250    0.0413    0.4945   33
  34    0.2770    0.0474    0.0278    0.0220    0.0197    0.0215    0.0235    0.0282    0.0381    0.4950   34
       -------   -------   -------   -------   -------   -------   -------   -------   -------   ------- 
  35    0.2782    0.0481    0.0289    0.0177    0.0206    0.0216    0.0241    0.0284    0.0380    0.4944   35
  36    0.2780    0.0490    0.0285    0.0203    0.0180    0.0201    0.0240    0.0282    0.0395    0.4944   36
  37    0.2772    0.0471    0.0287    0.0182    0.0185    0.0230    0.0235    0.0280    0.0395    0.4963   37
  38    0.2783    0.0477    0.0279    0.0207    0.0188    0.0186    0.0242    0.0257    0.0434    0.4948   38
  39    0.2793    0.0465    0.0270    0.0192    0.0191    0.0229    0.0223    0.0266    0.0419    0.4954   39
       -------   -------   -------   -------   -------   -------   -------   -------   -------   ------- 
  40    0.2757    0.0460    0.0276    0.0180    0.0214    0.0226    0.0263    0.0265    0.0382    0.4979   40
  41    0.2742    0.0478    0.0294    0.0180    0.0201    0.0221    0.0254    0.0258    0.0428    0.4944   41
  42    0.2741    0.0490    0.0290    0.0203    0.0191    0.0197    0.0237    0.0282    0.0378    0.4990   42
  43    0.2744    0.0473    0.0296    0.0167    0.0195    0.0222    0.0233    0.0280    0.0409    0.4983   43
  44    0.2767    0.0475    0.0247    0.0212    0.0197    0.0219    0.0233    0.0275    0.0414    0.4962   44
       -------   -------   -------   -------   -------   -------   -------   -------   -------   ------- 
  45    0.2797    0.0485    0.0263    0.0194    0.0175    0.0225    0.0246    0.0282    0.0396    0.4938   45
  46    0.2780    0.0512    0.0286    0.0205    0.0182    0.0196    0.0241    0.0273    0.0375    0.4950   46
  47    0.2786    0.0485    0.0297    0.0198    0.0184    0.0204    0.0244    0.0247    0.0398    0.4959   47
  48    0.2767    0.0455    0.0296    0.0205    0.0204    0.0215    0.0230    0.0261    0.0397    0.4971   48
  49    0.2743    0.0492    0.0283    0.0199    0.0203    0.0198    0.0225    0.0273    0.0415    0.4969   49
       -------   -------   -------   -------   -------   -------   -------   -------   -------   ------- 
  50    0.2774    0.0491    0.0288    0.0184    0.0184    0.0200    0.0230    0.0258    0.0407    0.4983   50
  51    0.2754    0.0507    0.0283    0.0214    0.0185    0.0214    0.0248    0.0258    0.0391    0.4945   51
  52    0.2779    0.0472    0.0286    0.0200    0.0193    0.0201    0.0223    0.0279    0.0398    0.4970   52
  53    0.2732    0.0495    0.0282    0.0190    0.0195    0.0214    0.0259    0.0257    0.0412    0.4964   53
  54    0.2735    0.0455    0.0279    0.0203    0.0195    0.0215    0.0252    0.0277    0.0378    0.5010   54
       -------   -------   -------   -------   -------   -------   -------   -------   -------   ------- 
  55    0.2728    0.0457    0.0265    0.0183    0.0199    0.0205    0.0238    0.0283    0.0420    0.5023   55
  56    0.2702    0.0480    0.0271    0.0204    0.0180    0.0213    0.0261    0.0267    0.0395    0.5026   56
  57    0.2747    0.0453    0.0278    0.0190    0.0191    0.0195    0.0235    0.0276    0.0383    0.5053   57
  58    0.2727    0.0469    0.0294    0.0200    0.0183    0.0182    0.0226    0.0249    0.0411    0.5059   58
  59    0.2691    0.0487    0.0291    0.0176    0.0172    0.0207    0.0262    0.0254    0.0410    0.5052   59
       -------   -------   -------   -------   -------   -------   -------   -------   -------   ------- 
  60    0.2708    0.0462    0.0260    0.0192    0.0186    0.0219    0.0245    0.0271    0.0408    0.5049   60
  61    0.2710    0.0456    0.0269    0.0174    0.0207    0.0213    0.0237    0.0275    0.0387    0.5073   61
  62    0.2685    0.0471    0.0275    0.0177    0.0200    0.0212    0.0254    0.0261    0.0393    0.5073   62
  63    0.2662    0.0474    0.0275    0.0214    0.0192    0.0200    0.0256    0.0264    0.0372    0.5091   63
  64    0.2657    0.0470    0.0276    0.0213    0.0173    0.0203    0.0244    0.0283    0.0404    0.5076   64
       -------   -------   -------   -------   -------   -------   -------   -------   -------   ------- 
  65    0.2630    0.0480    0.0294    0.0186    0.0195    0.0207    0.0228    0.0243    0.0438    0.5099   65
  66    0.2617    0.0502    0.0276    0.0210    0.0179    0.0205    0.0260    0.0283    0.0403    0.5064   66
  67    0.2619    0.0482    0.0288    0.0200    0.0190    0.0225    0.0237    0.0260    0.0409    0.5092   67
  68    0.2682    0.0475    0.0267    0.0198    0.0172    0.0214    0.0227    0.0292    0.0401    0.5071   68
  69    0.2694    0.0453    0.0270    0.0196    0.0183    0.0188    0.0254    0.0285    0.0377    0.5101   69
       -------   -------   -------   -------   -------   -------   -------   -------   -------   ------- 
  70    0.2640    0.0480    0.0271    0.0196    0.0198    0.0219    0.0230    0.0257    0.0394    0.5114   70
  71    0.2666    0.0486    0.0283    0.0183    0.0179    0.0212    0.0246    0.0255    0.0400    0.5088   71
  72    0.2664    0.0500    0.0270    0.0186    0.0168    0.0208    0.0219    0.0287    0.0380    0.5117   72
  73    0.2684    0.0471    0.0266    0.0181    0.0192    0.0223    0.0240    0.0267    0.0397    0.5079   73
  74    0.2695    0.0438    0.0302    0.0179    0.0177    0.0220    0.0224    0.0256    0.0373    0.5136   74
       -------   -------   -------   -------   -------   -------   -------   -------   -------   ------- 
  75    0.2685    0.0462    0.0290    0.0187    0.0164    0.0202    0.0242    0.0247    0.0380    0.5143   75
  76    0.2698    0.0454    0.0257    0.0181    0.0158    0.0222    0.0241    0.0256    0.0391    0.5142   76
  77    0.2686    0.0470    0.0246    0.0205    0.0164    0.0180    0.0231    0.0264    0.0406    0.5149   77
  78    0.2669    0.0489    0.0274    0.0184    0.0183    0.0181    0.0252    0.0264    0.0386    0.5118   78
  79    0.2691    0.0458    0.0252    0.0202    0.0184    0.0209    0.0246    0.0243    0.0398    0.5118   79
       -------   -------   -------   -------   -------   -------   -------   -------   -------   ------- 
  80    0.2672    0.0493    0.0293    0.0173    0.0192    0.0198    0.0228    0.0273    0.0395    0.5082   80
  81    0.2705    0.0458    0.0279    0.0187    0.0177    0.0199    0.0261    0.0258    0.0398    0.5078   81
  82    0.2686    0.0482    0.0282    0.0195    0.0182    0.0208    0.0244    0.0252    0.0371    0.5098   82
  83    0.2718    0.0474    0.0270    0.0206    0.0194    0.0207    0.0220    0.0271    0.0389    0.5051   83
  84    0.2693    0.0461    0.0268    0.0203    0.0218    0.0216    0.0224    0.0265    0.0415    0.5036   84
       -------   -------   -------   -------   -------   -------   -------   -------   -------   ------- 
  85    0.2712    0.0438    0.0293    0.0203    0.0179    0.0193    0.0236    0.0243    0.0400    0.5103   85
  86    0.2677    0.0469    0.0288    0.0182    0.0159    0.0208    0.0246    0.0259    0.0423    0.5088   86
  87    0.2706    0.0436    0.0260    0.0184    0.0207    0.0198    0.0245    0.0275    0.0393    0.5098   87
  88    0.2681    0.0472    0.0272    0.0189    0.0183    0.0213    0.0227    0.0282    0.0379    0.5102   88
  89    0.2708    0.0449    0.0269    0.0180    0.0183    0.0207    0.0239    0.0245    0.0406    0.5113   89
       -------   -------   -------   -------   -------   -------   -------   -------   -------   ------- 
  90    0.2684    0.0455    0.0286    0.0181    0.0194    0.0195    0.0218    0.0262    0.0383    0.5142   90
  91    0.2671    0.0444    0.0280    0.0201    0.0197    0.0211    0.0217    0.0265    0.0384    0.5131   91
  92    0.2644    0.0485    0.0271    0.0207    0.0166    0.0198    0.0239    0.0271    0.0387    0.5131   92
  93    0.2661    0.0474    0.0263    0.0184    0.0194    0.0203    0.0220    0.0266    0.0353    0.5181   93
  94    0.2633    0.0466    0.0297    0.0191    0.0159    0.0208    0.0229    0.0265    0.0411    0.5143   94
       -------   -------   -------   -------   -------   -------   -------   -------   -------   ------- 
  95    0.2601    0.0495    0.0242    0.0197    0.0187    0.0220    0.0221    0.0279    0.0383    0.5175   95
  96    0.2629    0.0465    0.0276    0.0196    0.0196    0.0184    0.0230    0.0292    0.0383    0.5149   96
  97    0.2628    0.0466    0.0293    0.0174    0.0189    0.0210    0.0244    0.0268    0.0412    0.5117   97
  98    0.2658    0.0463    0.0270    0.0189    0.0203    0.0195    0.0228    0.0256    0.0399    0.5138   98
  99    0.2669    0.0473    0.0301    0.0192    0.0175    0.0218    0.0229    0.0260    0.0420    0.5064   99
       -------   -------   -------   -------   -------   -------   -------   -------   -------   ------- 

Probability Distribution (Noise)
        <0.10     <0.20     <0.30     <0.40     <0.50     <0.60     <0.70     <0.80     <0.90     <1.00  
       -------   -------   -------   -------   -------   -------   -------   -------   -------   ------- 
   0    0.0012    0.0000    0.0000    0.0000    0.0044    0.0000    0.0000    0.0000    0.0000    0.9944    0
   1    0.0004    0.0002    0.0005    0.0000    0.0002    0.0015    0.0002    0.0016    0.0034    0.9919    1
   2    0.0003    0.0002    0.0002    0.0004    0.0003    0.0007    0.0009    0.0020    0.0096    0.9854    2
   3    0.0003    0.0002    0.0002    0.0003    0.0003    0.0004    0.0009    0.0018    0.0081    0.9874    3
   4    0.0002    0.0001    0.0001    0.0002    0.0004    0.0005    0.0006    0.0016    0.0066    0.9897    4
       -------   -------   -------   -------   -------   -------   -------   -------   -------   ------- 
   5    0.0001    0.0001    0.0001    0.0002    0.0002    0.0004    0.0006    0.0014    0.0057    0.9910    5
   6    0.0001    0.0001    0.0001    0.0002    0.0002    0.0003    0.0005    0.0012    0.0050    0.9923    6
   7    0.0001    0.0001    0.0001    0.0001    0.0001    0.0003    0.0005    0.0011    0.0044    0.9932    7
   8    0.0002    0.0001    0.0001    0.0002    0.0002    0.0003    0.0003    0.0009    0.0044    0.9935    8
   9    0.0001    0.0001    0.0001    0.0001    0.0002    0.0002    0.0004    0.0010    0.0040    0.9938    9
       -------   -------   -------   -------   -------   -------   -------   -------   -------   ------- 
  10    0.0001    0.0001    0.0001    0.0001    0.0002    0.0003    0.0004    0.0010    0.0039    0.9940   10
  11    0.0002    0.0001    0.0001    0.0002    0.0001    0.0002    0.0004    0.0010    0.0040    0.9939   11
  12    0.0001    0.0001    0.0001    0.0002    0.0002    0.0002    0.0003    0.0010    0.0042    0.9938   12
  13    0.0001    0.0000    0.0001    0.0001    0.0001    0.0002    0.0004    0.0009    0.0040    0.9940   13
  14    0.0001    0.0001    0.0001    0.0001    0.0001    0.0002    0.0003    0.0009    0.0040    0.9942   14
       -------   -------   -------   -------   -------   -------   -------   -------   -------   ------- 
  15    0.0001    0.0001    0.0000    0.0001    0.0001    0.0002    0.0004    0.0009    0.0039    0.9942   15
  16    0.0001    0.0001    0.0001    0.0001    0.0001    0.0002    0.0003    0.0010    0.0039    0.9942   16
  17    0.0001    0.0001    0.0001    0.0001    0.0001    0.0002    0.0004    0.0009    0.0040    0.9941   17
  18    0.0001    0.0000    0.0000    0.0001    0.0001    0.0002    0.0004    0.0009    0.0039    0.9943   18
  19    0.0001    0.0000    0.0001    0.0001    0.0002    0.0001    0.0003    0.0010    0.0037    0.9943   19
       -------   -------   -------   -------   -------   -------   -------   -------   -------   ------- 
  20    0.0001    0.0001    0.0001    0.0001    0.0001    0.0002    0.0004    0.0009    0.0039    0.9942   20
  21    0.0001    0.0001    0.0001    0.0001    0.0002    0.0002    0.0003    0.0008    0.0040    0.9941   21
  22    0.0001    0.0001    0.0001    0.0001    0.0001    0.0001    0.0004    0.0009    0.0039    0.9942   22
  23    0.0001    0.0001    0.0001    0.0001    0.0001    0.0002    0.0004    0.0010    0.0038    0.9943   23
  24    0.0001    0.0000    0.0000    0.0001    0.0001    0.0002    0.0002    0.0009    0.0040    0.9943   24
       -------   -------   -------   -------   -------   -------   -------   -------   -------   ------- 
  25    0.0001    0.0001    0.0001    0.0001    0.0001    0.0002    0.0004    0.0008    0.0038    0.9944   25
  26    0.0001    0.0001    0.0001    0.0001    0.0001    0.0002    0.0003    0.0009    0.0039    0.9943   26
  27    0.0001    0.0001    0.0001    0.0001    0.0001    0.0002    0.0004    0.0008    0.0040    0.9942   27
  28    0.0001    0.0001    0.0000    0.0001    0.0002    0.0002    0.0003    0.0009    0.0041    0.9940   28
  29    0.0001    0.0000    0.0001    0.0001    0.0001    0.0002    0.0004    0.0008    0.0040    0.9942   29
       -------   -------   -------   -------   -------   -------   -------   -------   -------   ------- 
  30    0.0001    0.0001    0.0001    0.0001    0.0001    0.0002    0.0003    0.0011    0.0039    0.9941   30
  31    0.0001    0.0000    0.0001    0.0001    0.0002    0.0002    0.0003    0.0008    0.0040    0.9943   31
  32    0.0001    0.0001    0.0001    0.0001    0.0001    0.0001    0.0003    0.0010    0.0041    0.9941   32
  33    0.0001    0.0001    0.0001    0.0001    0.0002    0.0002    0.0003    0.0011    0.0040    0.9939   33
  34    0.0002    0.0001    0.0001    0.0001    0.0001    0.0002    0.0004    0.0010    0.0042    0.9937   34
       -------   -------   -------   -------   -------   -------   -------   -------   -------   ------- 
  35    0.0001    0.0001    0.0001    0.0001    0.0002    0.0002    0.0004    0.0009    0.0041    0.9939   35
  36    0.0001    0.0001    0.0001    0.0001    0.0001    0.0002    0.0003    0.0010    0.0041    0.9938   36
  37    0.0001    0.0001    0.0001    0.0001    0.0002    0.0002    0.0003    0.0009    0.0041    0.9939   37
  38    0.0001    0.0001    0.0001    0.0001    0.0002    0.0002    0.0004    0.0009    0.0039    0.9940   38
  39    0.0001    0.0000    0.0001    0.0001    0.0001    0.0002    0.0004    0.0009    0.0040    0.9940   39
       -------   -------   -------   -------   -------   -------   -------   -------   -------   ------- 
  40    0.0001    0.0001    0.0001    0.0001    0.0001    0.0002    0.0003    0.0010    0.0040    0.9941   40
  41    0.0001    0.0000    0.0001    0.0001    0.0002    0.0002    0.0003    0.0010    0.0042    0.9938   41
  42    0.0001    0.0001    0.0001    0.0001    0.0002    0.0002    0.0004    0.0010    0.0041    0.9939   42
  43    0.0001    0.0001    0.0001    0.0001    0.0001    0.0002    0.0004    0.0009    0.0043    0.9937   43
  44    0.0001    0.0001    0.0001    0.0001    0.0001    0.0002    0.0004    0.0010    0.0042    0.9938   44
       -------   -------   -------   -------   -------   -------   -------   -------   -------   ------- 
  45    0.0001    0.0001    0.0001    0.0001    0.0002    0.0002    0.0003    0.0009    0.0041    0.9939   45
  46    0.0001    0.0000    0.0001    0.0001    0.0001    0.0002    0.0004    0.0009    0.0041    0.9940   46
  47    0.0001    0.0001    0.0001    0.0001    0.0002    0.0002    0.0003    0.0009    0.0039    0.9941   47
  48    0.0001    0.0000    0.0001    0.0001    0.0002    0.0002    0.0004    0.0010    0.0040    0.9939   48
  49    0.0001    0.0001    0.0001    0.0001    0.0002    0.0002    0.0003    0.0009    0.0040    0.9940   49
       -------   -------   -------   -------   -------   -------   -------   -------   -------   ------- 
  50    0.0001    0.0000    0.0001    0.0001    0.0001    0.0002    0.0003    0.0009    0.0040    0.9940   50
  51    0.0001    0.0001    0.0001    0.0001    0.0001    0.0002    0.0004    0.0010    0.0040    0.9940   51
  52    0.0001    0.0000    0.0001    0.0001    0.0001    0.0002    0.0003    0.0009    0.0039    0.9942   52
  53    0.0001    0.0001    0.0001    0.0001    0.0001    0.0002    0.0004    0.0010    0.0040    0.9940   53
  54    0.0001    0.0000    0.0001    0.0001    0.0001    0.0001    0.0004    0.0010    0.0042    0.9939   54
       -------   -------   -------   -------   -------   -------   -------   -------   -------   ------- 
  55    0.0001    0.0001    0.0001    0.0001    0.0001    0.0002    0.0003    0.0010    0.0040    0.9940   55
  56    0.0001    0.0000    0.0000    0.0001    0.0002    0.0002    0.0003    0.0010    0.0041    0.9939   56
  57    0.0001    0.0001    0.0001    0.0001    0.0001    0.0002    0.0004    0.0010    0.0040    0.9940   57
  58    0.0001    0.0001    0.0001    0.0001    0.0001    0.0002    0.0003    0.0009    0.0039    0.9942   58
  59    0.0001    0.0001    0.0001    0.0001    0.0002    0.0002    0.0003    0.0008    0.0037    0.9944   59
       -------   -------   -------   -------   -------   -------   -------   -------   -------   ------- 
  60    0.0001    0.0001    0.0001    0.0000    0.0002    0.0002    0.0004    0.0009    0.0039    0.9941   60
  61    0.0001    0.0001    0.0001    0.0001    0.0001    0.0002    0.0003    0.0009    0.0039    0.9942   61
  62    0.0001    0.0001    0.0001    0.0001    0.0001    0.0002    0.0002    0.0008    0.0039    0.9944   62
  63    0.0001    0.0000    0.0001    0.0001    0.0001    0.0002    0.0003    0.0009    0.0040    0.9941   63
  64    0.0001    0.0001    0.0001    0.0001    0.0001    0.0001    0.0004    0.0008    0.0039    0.9943   64
       -------   -------   -------   -------   -------   -------   -------   -------   -------   ------- 
  65    0.0001    0.0001    0.0001    0.0001    0.0001    0.0002    0.0003    0.0010    0.0038    0.9943   65
  66    0.0001    0.0000    0.0001    0.0001    0.0001    0.0002    0.0003    0.0010    0.0038    0.9942   66
  67    0.0001    0.0001    0.0001    0.0001    0.0001    0.0002    0.0004    0.0009    0.0038    0.9942   67
  68    0.0001    0.0001    0.0001    0.0001    0.0001    0.0002    0.0004    0.0011    0.0040    0.9939   68
  69    0.0001    0.0001    0.0001    0.0001    0.0001    0.0002    0.0004    0.0010    0.0042    0.9938   69
       -------   -------   -------   -------   -------   -------   -------   -------   -------   ------- 
  70    0.0001    0.0001    0.0001    0.0001    0.0001    0.0002    0.0004    0.0009    0.0038    0.9942   70
  71    0.0001    0.0001    0.0000    0.0001    0.0002    0.0002    0.0003    0.0009    0.0039    0.9942   71
  72    0.0001    0.0001    0.0001    0.0001    0.0001    0.0002    0.0003    0.0011    0.0039    0.9941   72
  73    0.0001    0.0001    0.0001    0.0001    0.0002    0.0002    0.0004    0.0010    0.0039    0.9940   73
  74    0.0001    0.0001    0.0000    0.0001    0.0002    0.0002    0.0004    0.0010    0.0039    0.9940   74
       -------   -------   -------   -------   -------   -------   -------   -------   -------   ------- 
  75    0.0001    0.0001    0.0001    0.0001    0.0001    0.0002    0.0003    0.0010    0.0039    0.9941   75
  76    0.0001    0.0001    0.0001    0.0001    0.0001    0.0001    0.0003    0.0009    0.0040    0.9942   76
  77    0.0001    0.0001    0.0001    0.0001    0.0001    0.0002    0.0003    0.0010    0.0040    0.9941   77
  78    0.0001    0.0000    0.0001    0.0001    0.0002    0.0002    0.0003    0.0010    0.0037    0.9943   78
  79    0.0001    0.0001    0.0001    0.0001    0.0001    0.0002    0.0004    0.0010    0.0041    0.9939   79
       -------   -------   -------   -------   -------   -------   -------   -------   -------   ------- 
  80    0.0001    0.0001    0.0000    0.0001    0.0001    0.0002    0.0004    0.0010    0.0038    0.9942   80
  81    0.0001    0.0001    0.0000    0.0002    0.0001    0.0002    0.0003    0.0009    0.0037    0.9943   81
  82    0.0001    0.0000    0.0001    0.0001    0.0001    0.0002    0.0003    0.0010    0.0039    0.9941   82
  83    0.0001    0.0001    0.0001    0.0001    0.0001    0.0002    0.0003    0.0010    0.0040    0.9940   83
  84    0.0001    0.0001    0.0001    0.0001    0.0001    0.0002    0.0003    0.0009    0.0040    0.9942   84
       -------   -------   -------   -------   -------   -------   -------   -------   -------   ------- 
  85    0.0001    0.0001    0.0001    0.0001    0.0001    0.0002    0.0004    0.0010    0.0040    0.9940   85
  86    0.0001    0.0001    0.0001    0.0001    0.0001    0.0002    0.0003    0.0010    0.0040    0.9940   86
  87    0.0001    0.0001    0.0001    0.0001    0.0001    0.0002    0.0003    0.0010    0.0039    0.9941   87
  88    0.0001    0.0001    0.0001    0.0001    0.0002    0.0002    0.0003    0.0010    0.0042    0.9939   88
  89    0.0001    0.0001    0.0000    0.0001    0.0001    0.0001    0.0003    0.0009    0.0037    0.9945   89
       -------   -------   -------   -------   -------   -------   -------   -------   -------   ------- 
  90    0.0001    0.0001    0.0000    0.0001    0.0001    0.0002    0.0004    0.0009    0.0038    0.9944   90
  91    0.0001    0.0001    0.0001    0.0001    0.0001    0.0002    0.0003    0.0010    0.0040    0.9941   91
  92    0.0001    0.0001    0.0000    0.0001    0.0001    0.0002    0.0003    0.0008    0.0041    0.9942   92
  93    0.0001    0.0000    0.0001    0.0001    0.0001    0.0002    0.0003    0.0010    0.0041    0.9940   93
  94    0.0001    0.0001    0.0001    0.0001    0.0001    0.0001    0.0003    0.0009    0.0040    0.9941   94
       -------   -------   -------   -------   -------   -------   -------   -------   -------   ------- 
  95    0.0001    0.0000    0.0001    0.0001    0.0001    0.0002    0.0004    0.0009    0.0040    0.9940   95
  96    0.0001    0.0000    0.0001    0.0001    0.0001    0.0002    0.0003    0.0010    0.0040    0.9941   96
  97    0.0001    0.0001    0.0001    0.0001    0.0002    0.0002    0.0004    0.0010    0.0040    0.9940   97
  98    0.0001    0.0001    0.0000    0.0001    0.0001    0.0001    0.0004    0.0008    0.0041    0.9941   98
  99    0.0001    0.0000    0.0001    0.0001    0.0002    0.0002    0.0003    0.0010    0.0041    0.9940   99
       -------   -------   -------   -------   -------   -------   -------   -------   -------   ------- 
