Overall wireset performance: 184685_fnoise_U.pib_exp1a_performance.txt
-----------------------------------------------------------------------
True Positive:         955897
False Positive:       1896306
True Negative:       19623173
False Negative:        564624
Recall (TPR):          0.6287
Specificity (TNR):     0.9119
Precision:             0.3351
Accuracy:              0.8932
F1 Score:              0.4372

            True       False        True       False      Recall Specificity 
        positive    positive    negative    negative       (TPR)       (TNR)   Precision    Accuracy    F1 Score 
     ----------- ----------- ----------- ----------- ----------- ----------- ----------- ----------- ----------- 
   0        6286        1343      213882        8889      0.4142      0.9938      0.8240      0.9556      0.5513    0
   1        6482        1587      213602        8729      0.4261      0.9926      0.8033      0.9552      0.5569    1
   2        7846        6246      208935        7373      0.5155      0.9710      0.5568      0.9409      0.5354    2
   3        8704       12255      202930        6511      0.5721      0.9430      0.4153      0.9186      0.4812    3
   4        9062       14994      200203        6141      0.5961      0.9303      0.3767      0.9083      0.4617    4
     ----------- ----------- ----------- ----------- ----------- ----------- ----------- ----------- ----------- 
   5        9292       17266      197955        5887      0.6122      0.9198      0.3499      0.8995      0.4453    5
   6        9408       18346      196903        5743      0.6209      0.9148      0.3390      0.8954      0.4386    6
   7        9498       18667      196592        5643      0.6273      0.9133      0.3372      0.8945      0.4386    7
   8        9518       18640      196618        5624      0.6286      0.9134      0.3380      0.8947      0.4396    8
   9        9554       18681      196576        5589      0.6309      0.9132      0.3384      0.8947      0.4405    9
     ----------- ----------- ----------- ----------- ----------- ----------- ----------- ----------- ----------- 
  10        9589       18951      196328        5532      0.6342      0.9120      0.3360      0.8937      0.4392   10
  11        9606       19197      196083        5514      0.6353      0.9108      0.3335      0.8927      0.4374   11
  12        9598       19310      195940        5552      0.6335      0.9103      0.3320      0.8921      0.4357   12
  13        9626       19455      195777        5542      0.6346      0.9096      0.3310      0.8915      0.4351   13
  14        9637       19505      195743        5515      0.6360      0.9094      0.3307      0.8914      0.4351   14
     ----------- ----------- ----------- ----------- ----------- ----------- ----------- ----------- ----------- 
  15        9613       19439      195804        5544      0.6342      0.9097      0.3309      0.8916      0.4349   15
  16        9606       19515      195703        5576      0.6327      0.9093      0.3299      0.8911      0.4337   16
  17        9588       19523      195687        5602      0.6312      0.9093      0.3294      0.8910      0.4329   17
  18        9610       19553      195651        5586      0.6324      0.9091      0.3295      0.8909      0.4333   18
  19        9591       19589      195597        5623      0.6304      0.9090      0.3287      0.8906      0.4321   19
     ----------- ----------- ----------- ----------- ----------- ----------- ----------- ----------- ----------- 
  20        9593       19488      195735        5584      0.6321      0.9095      0.3299      0.8912      0.4335   20
  21        9611       19464      195762        5563      0.6334      0.9096      0.3306      0.8914      0.4344   21
  22        9624       19456      195789        5531      0.6350      0.9096      0.3309      0.8915      0.4351   22
  23        9598       19406      195816        5580      0.6324      0.9098      0.3309      0.8916      0.4345   23
  24        9587       19459      195751        5603      0.6311      0.9096      0.3301      0.8912      0.4334   24
     ----------- ----------- ----------- ----------- ----------- ----------- ----------- ----------- ----------- 
  25        9591       19491      195677        5641      0.6297      0.9094      0.3298      0.8909      0.4329   25
  26        9596       19452      195708        5644      0.6297      0.9096      0.3303      0.8911      0.4333   26
  27        9621       19365      195809        5605      0.6319      0.9100      0.3319      0.8916      0.4352   27
  28        9615       19394      195768        5623      0.6310      0.9099      0.3314      0.8914      0.4346   28
  29        9660       19525      195631        5584      0.6337      0.9093      0.3310      0.8910      0.4349   29
     ----------- ----------- ----------- ----------- ----------- ----------- ----------- ----------- ----------- 
  30        9616       19496      195677        5611      0.6315      0.9094      0.3303      0.8910      0.4337   30
  31        9631       19471      195711        5587      0.6329      0.9095      0.3309      0.8912      0.4346   31
  32        9647       19454      195746        5553      0.6347      0.9096      0.3315      0.8915      0.4355   32
  33        9640       19493      195691        5576      0.6335      0.9094      0.3309      0.8912      0.4347   33
  34        9601       19499      195699        5601      0.6316      0.9094      0.3299      0.8911      0.4334   34
     ----------- ----------- ----------- ----------- ----------- ----------- ----------- ----------- ----------- 
  35        9577       19524      195669        5630      0.6298      0.9093      0.3291      0.8908      0.4323   35
  36        9582       19628      195573        5617      0.6304      0.9088      0.3280      0.8904      0.4315   36
  37        9559       19604      195617        5620      0.6298      0.9089      0.3278      0.8905      0.4311   37
  38        9546       19588      195615        5651      0.6282      0.9090      0.3277      0.8905      0.4307   38
  39        9532       19593      195597        5678      0.6267      0.9090      0.3273      0.8903      0.4300   39
     ----------- ----------- ----------- ----------- ----------- ----------- ----------- ----------- ----------- 
  40        9547       19642      195560        5651      0.6282      0.9087      0.3271      0.8902      0.4302   40
  41        9559       19603      195589        5649      0.6286      0.9089      0.3278      0.8904      0.4309   41
  42        9551       19628      195575        5646      0.6285      0.9088      0.3273      0.8903      0.4305   42
  43        9551       19731      195477        5641      0.6287      0.9083      0.3262      0.8899      0.4295   43
  44        9557       19717      195463        5663      0.6279      0.9084      0.3265      0.8898      0.4296   44
     ----------- ----------- ----------- ----------- ----------- ----------- ----------- ----------- ----------- 
  45        9544       19689      195475        5692      0.6264      0.9085      0.3265      0.8898      0.4292   45
  46        9521       19628      195525        5726      0.6245      0.9088      0.3266      0.8900      0.4289   46
  47        9541       19568      195600        5691      0.6264      0.9091      0.3278      0.8904      0.4303   47
  48        9526       19636      195563        5675      0.6267      0.9088      0.3267      0.8901      0.4295   48
  49        9482       19665      195548        5705      0.6243      0.9086      0.3253      0.8899      0.4278   49
     ----------- ----------- ----------- ----------- ----------- ----------- ----------- ----------- ----------- 
  50        9534       19673      195520        5673      0.6269      0.9086      0.3264      0.8900      0.4293   50
  51        9572       19633      195544        5651      0.6288      0.9088      0.3278      0.8903      0.4309   51
  52        9577       19676      195505        5642      0.6293      0.9086      0.3274      0.8901      0.4307   52
  53        9609       19617      195582        5592      0.6321      0.9088      0.3288      0.8906      0.4326   53
  54        9590       19549      195653        5608      0.6310      0.9092      0.3291      0.8908      0.4326   54
     ----------- ----------- ----------- ----------- ----------- ----------- ----------- ----------- ----------- 
  55        9595       19585      195662        5558      0.6332      0.9090      0.3288      0.8909      0.4329   55
  56        9582       19674      195574        5570      0.6324      0.9086      0.3275      0.8904      0.4315   56
  57        9568       19545      195695        5592      0.6311      0.9092      0.3287      0.8909      0.4322   57
  58        9582       19607      195642        5569      0.6324      0.9089      0.3283      0.8907      0.4322   58
  59        9601       19631      195625        5543      0.6340      0.9088      0.3284      0.8907      0.4327   59
     ----------- ----------- ----------- ----------- ----------- ----------- ----------- ----------- ----------- 
  60        9615       19616      195645        5524      0.6351      0.9089      0.3289      0.8909      0.4334   60
  61        9649       19663      195587        5501      0.6369      0.9087      0.3292      0.8908      0.4340   61
  62        9675       19691      195583        5451      0.6396      0.9085      0.3295      0.8909      0.4349   62
  63        9666       19680      195583        5471      0.6386      0.9086      0.3294      0.8908      0.4346   63
  64        9640       19641      195626        5493      0.6370      0.9088      0.3292      0.8909      0.4341   64
     ----------- ----------- ----------- ----------- ----------- ----------- ----------- ----------- ----------- 
  65        9671       19668      195589        5472      0.6386      0.9086      0.3296      0.8909      0.4348   65
  66        9671       19600      195632        5497      0.6376      0.9089      0.3304      0.8911      0.4352   66
  67        9708       19568      195651        5473      0.6395      0.9091      0.3316      0.8913      0.4367   67
  68        9745       19533      195652        5470      0.6405      0.9092      0.3328      0.8915      0.4380   68
  69        9747       19525      195657        5471      0.6405      0.9093      0.3330      0.8915      0.4382   69
     ----------- ----------- ----------- ----------- ----------- ----------- ----------- ----------- ----------- 
  70        9729       19516      195686        5469      0.6402      0.9093      0.3327      0.8916      0.4378   70
  71        9754       19563      195621        5462      0.6410      0.9091      0.3327      0.8914      0.4381   71
  72        9788       19687      195496        5429      0.6432      0.9085      0.3321      0.8910      0.4380   72
  73        9767       19705      195470        5458      0.6415      0.9084      0.3314      0.8908      0.4370   73
  74        9777       19732      195456        5435      0.6427      0.9083      0.3313      0.8908      0.4372   74
     ----------- ----------- ----------- ----------- ----------- ----------- ----------- ----------- ----------- 
  75        9784       19794      195380        5442      0.6426      0.9080      0.3308      0.8905      0.4367   75
  76        9789       19800      195391        5420      0.6436      0.9080      0.3308      0.8905      0.4370   76
  77        9834       19844      195354        5368      0.6469      0.9078      0.3314      0.8906      0.4382   77
  78        9844       19914      195278        5364      0.6473      0.9075      0.3308      0.8903      0.4378   78
  79        9828       19959      195222        5391      0.6458      0.9072      0.3299      0.8900      0.4367   79
     ----------- ----------- ----------- ----------- ----------- ----------- ----------- ----------- ----------- 
  80        9804       20031      195144        5421      0.6439      0.9069      0.3286      0.8895      0.4352   80
  81        9796       19947      195224        5433      0.6432      0.9073      0.3294      0.8898      0.4356   81
  82        9769       19916      195255        5460      0.6415      0.9074      0.3291      0.8899      0.4350   82
  83        9728       19828      195334        5510      0.6384      0.9078      0.3291      0.8900      0.4343   83
  84        9723       19804      195351        5522      0.6378      0.9080      0.3293      0.8901      0.4343   84
     ----------- ----------- ----------- ----------- ----------- ----------- ----------- ----------- ----------- 
  85        9780       19772      195361        5487      0.6406      0.9081      0.3309      0.8904      0.4364   85
  86        9803       19788      195344        5465      0.6421      0.9080      0.3313      0.8904      0.4371   86
  87        9803       19729      195388        5480      0.6414      0.9083      0.3319      0.8906      0.4375   87
  88        9819       19857      195258        5466      0.6424      0.9077      0.3309      0.8901      0.4368   88
  89        9860       19830      195282        5428      0.6450      0.9078      0.3321      0.8904      0.4384   89
     ----------- ----------- ----------- ----------- ----------- ----------- ----------- ----------- ----------- 
  90        9855       19913      195198        5434      0.6446      0.9074      0.3311      0.8900      0.4374   90
  91        9874       19939      195168        5419      0.6457      0.9073      0.3312      0.8899      0.4378   91
  92        9867       19902      195212        5419      0.6455      0.9075      0.3315      0.8901      0.4380   92
  93        9841       19928      195195        5436      0.6442      0.9074      0.3306      0.8899      0.4369   93
  94        9821       20041      195098        5440      0.6435      0.9068      0.3289      0.8894      0.4353   94
     ----------- ----------- ----------- ----------- ----------- ----------- ----------- ----------- ----------- 
  95        9844       19959      195180        5417      0.6450      0.9072      0.3303      0.8899      0.4369   95
  96        9842       19962      195198        5398      0.6458      0.9072      0.3302      0.8899      0.4370   96
  97        9836       19957      195183        5424      0.6446      0.9072      0.3301      0.8898      0.4366   97
  98        9816       19941      195164        5479      0.6418      0.9073      0.3299      0.8897      0.4358   98
  99        9805       19954      195150        5491      0.6410      0.9072      0.3295      0.8896      0.4352   99
     ----------- ----------- ----------- ----------- ----------- ----------- ----------- ----------- ----------- 

Probability Distribution (Signal)
        <0.10     <0.20     <0.30     <0.40     <0.50     <0.60     <0.70     <0.80     <0.90     <1.00  
       -------   -------   -------   -------   -------   -------   -------   -------   -------   ------- 
   0    0.5858    0.0000    0.0000    0.0000    0.0000    0.0667    0.0081    0.0000    0.0000    0.3394    0
   1    0.4842    0.0298    0.0018    0.0005    0.0575    0.0001    0.0052    0.0025    0.0018    0.4165    1
   2    0.3888    0.0338    0.0490    0.0049    0.0081    0.0104    0.0179    0.0007    0.0061    0.4804    2
   3    0.3541    0.0368    0.0192    0.0034    0.0144    0.0408    0.0059    0.0113    0.0256    0.4885    3
   4    0.3137    0.0514    0.0166    0.0068    0.0154    0.0087    0.0173    0.0460    0.0238    0.5003    4
       -------   -------   -------   -------   -------   -------   -------   -------   -------   ------- 
   5    0.2986    0.0452    0.0177    0.0126    0.0137    0.0101    0.0212    0.0232    0.0524    0.5052    5
   6    0.2827    0.0476    0.0167    0.0178    0.0143    0.0131    0.0199    0.0303    0.0472    0.5105    6
   7    0.2771    0.0425    0.0227    0.0139    0.0164    0.0170    0.0207    0.0307    0.0470    0.5119    7
   8    0.2737    0.0454    0.0195    0.0153    0.0174    0.0198    0.0180    0.0265    0.0493    0.5149    8
   9    0.2731    0.0427    0.0199    0.0129    0.0205    0.0188    0.0176    0.0279    0.0495    0.5171    9
       -------   -------   -------   -------   -------   -------   -------   -------   -------   ------- 
  10    0.2705    0.0432    0.0204    0.0122    0.0196    0.0177    0.0175    0.0259    0.0502    0.5230   10
  11    0.2696    0.0446    0.0204    0.0105    0.0196    0.0202    0.0155    0.0231    0.0507    0.5258   11
  12    0.2700    0.0410    0.0232    0.0136    0.0187    0.0193    0.0150    0.0237    0.0503    0.5252   12
  13    0.2668    0.0432    0.0245    0.0117    0.0192    0.0214    0.0164    0.0247    0.0473    0.5250   13
  14    0.2677    0.0422    0.0213    0.0132    0.0196    0.0217    0.0166    0.0267    0.0483    0.5226   14
       -------   -------   -------   -------   -------   -------   -------   -------   -------   ------- 
  15    0.2650    0.0427    0.0226    0.0162    0.0193    0.0213    0.0158    0.0237    0.0499    0.5235   15
  16    0.2661    0.0445    0.0226    0.0152    0.0188    0.0227    0.0163    0.0260    0.0474    0.5204   16
  17    0.2629    0.0486    0.0255    0.0143    0.0176    0.0215    0.0166    0.0257    0.0478    0.5197   17
  18    0.2641    0.0483    0.0222    0.0135    0.0195    0.0230    0.0190    0.0246    0.0473    0.5185   18
  19    0.2654    0.0471    0.0233    0.0148    0.0190    0.0213    0.0183    0.0264    0.0473    0.5172   19
       -------   -------   -------   -------   -------   -------   -------   -------   -------   ------- 
  20    0.2636    0.0464    0.0248    0.0150    0.0181    0.0229    0.0169    0.0247    0.0519    0.5158   20
  21    0.2651    0.0467    0.0227    0.0123    0.0198    0.0211    0.0173    0.0285    0.0509    0.5156   21
  22    0.2653    0.0456    0.0224    0.0143    0.0174    0.0215    0.0187    0.0264    0.0505    0.5180   22
  23    0.2656    0.0452    0.0232    0.0150    0.0186    0.0215    0.0192    0.0262    0.0524    0.5130   23
  24    0.2656    0.0444    0.0242    0.0154    0.0193    0.0209    0.0188    0.0271    0.0523    0.5121   24
       -------   -------   -------   -------   -------   -------   -------   -------   -------   ------- 
  25    0.2677    0.0463    0.0244    0.0135    0.0184    0.0211    0.0193    0.0268    0.0512    0.5112   25
  26    0.2670    0.0477    0.0247    0.0137    0.0172    0.0209    0.0198    0.0256    0.0540    0.5094   26
  27    0.2636    0.0483    0.0243    0.0141    0.0178    0.0213    0.0193    0.0288    0.0514    0.5111   27
  28    0.2637    0.0472    0.0253    0.0145    0.0183    0.0211    0.0183    0.0270    0.0535    0.5110   28
  29    0.2654    0.0470    0.0230    0.0136    0.0172    0.0215    0.0198    0.0275    0.0502    0.5148   29
       -------   -------   -------   -------   -------   -------   -------   -------   -------   ------- 
  30    0.2649    0.0456    0.0255    0.0137    0.0188    0.0198    0.0188    0.0273    0.0525    0.5130   30
  31    0.2639    0.0470    0.0239    0.0147    0.0177    0.0206    0.0172    0.0275    0.0519    0.5157   31
  32    0.2663    0.0439    0.0247    0.0131    0.0173    0.0220    0.0179    0.0264    0.0493    0.5190   32
  33    0.2670    0.0439    0.0243    0.0139    0.0173    0.0205    0.0189    0.0275    0.0498    0.5168   33
  34    0.2681    0.0438    0.0220    0.0153    0.0192    0.0204    0.0197    0.0273    0.0495    0.5147   34
       -------   -------   -------   -------   -------   -------   -------   -------   -------   ------- 
  35    0.2682    0.0447    0.0242    0.0156    0.0176    0.0204    0.0197    0.0285    0.0494    0.5117   35
  36    0.2685    0.0464    0.0240    0.0139    0.0167    0.0221    0.0198    0.0251    0.0495    0.5139   36
  37    0.2681    0.0453    0.0232    0.0130    0.0206    0.0209    0.0208    0.0268    0.0489    0.5124   37
  38    0.2681    0.0432    0.0259    0.0144    0.0202    0.0212    0.0206    0.0267    0.0491    0.5106   38
  39    0.2676    0.0465    0.0241    0.0135    0.0217    0.0209    0.0202    0.0246    0.0511    0.5099   39
       -------   -------   -------   -------   -------   -------   -------   -------   -------   ------- 
  40    0.2674    0.0487    0.0238    0.0137    0.0182    0.0216    0.0182    0.0276    0.0488    0.5119   40
  41    0.2672    0.0483    0.0235    0.0137    0.0187    0.0208    0.0203    0.0272    0.0488    0.5114   41
  42    0.2649    0.0495    0.0248    0.0134    0.0188    0.0216    0.0196    0.0266    0.0489    0.5117   42
  43    0.2653    0.0477    0.0267    0.0122    0.0194    0.0195    0.0199    0.0271    0.0498    0.5124   43
  44    0.2670    0.0472    0.0244    0.0133    0.0201    0.0203    0.0217    0.0279    0.0472    0.5107   44
       -------   -------   -------   -------   -------   -------   -------   -------   -------   ------- 
  45    0.2665    0.0484    0.0265    0.0138    0.0184    0.0191    0.0201    0.0306    0.0456    0.5110   45
  46    0.2673    0.0498    0.0233    0.0147    0.0204    0.0201    0.0208    0.0269    0.0472    0.5095   46
  47    0.2676    0.0484    0.0251    0.0142    0.0183    0.0226    0.0200    0.0274    0.0483    0.5082   47
  48    0.2681    0.0475    0.0228    0.0147    0.0201    0.0217    0.0214    0.0267    0.0459    0.5109   48
  49    0.2659    0.0477    0.0271    0.0147    0.0203    0.0185    0.0208    0.0240    0.0512    0.5098   49
       -------   -------   -------   -------   -------   -------   -------   -------   -------   ------- 
  50    0.2635    0.0505    0.0263    0.0142    0.0185    0.0195    0.0210    0.0264    0.0502    0.5098   50
  51    0.2662    0.0470    0.0245    0.0135    0.0200    0.0192    0.0208    0.0294    0.0491    0.5103   51
  52    0.2653    0.0472    0.0247    0.0136    0.0200    0.0191    0.0225    0.0263    0.0490    0.5125   52
  53    0.2632    0.0493    0.0219    0.0143    0.0192    0.0208    0.0203    0.0296    0.0493    0.5121   53
  54    0.2659    0.0465    0.0228    0.0149    0.0190    0.0207    0.0211    0.0251    0.0518    0.5122   54
       -------   -------   -------   -------   -------   -------   -------   -------   -------   ------- 
  55    0.2642    0.0467    0.0239    0.0134    0.0187    0.0209    0.0221    0.0280    0.0473    0.5148   55
  56    0.2617    0.0480    0.0234    0.0137    0.0207    0.0209    0.0209    0.0278    0.0492    0.5137   56
  57    0.2622    0.0475    0.0249    0.0130    0.0213    0.0196    0.0195    0.0270    0.0478    0.5173   57
  58    0.2618    0.0484    0.0245    0.0136    0.0193    0.0220    0.0206    0.0267    0.0463    0.5169   58
  59    0.2633    0.0452    0.0262    0.0135    0.0178    0.0202    0.0229    0.0258    0.0472    0.5178   59
       -------   -------   -------   -------   -------   -------   -------   -------   -------   ------- 
  60    0.2618    0.0481    0.0231    0.0135    0.0184    0.0191    0.0202    0.0264    0.0515    0.5179   60
  61    0.2635    0.0470    0.0213    0.0116    0.0197    0.0195    0.0203    0.0251    0.0509    0.5211   61
  62    0.2610    0.0469    0.0216    0.0132    0.0177    0.0210    0.0186    0.0279    0.0506    0.5215   62
  63    0.2581    0.0476    0.0222    0.0135    0.0201    0.0206    0.0205    0.0254    0.0493    0.5227   63
  64    0.2563    0.0463    0.0246    0.0157    0.0201    0.0196    0.0200    0.0265    0.0485    0.5224   64
       -------   -------   -------   -------   -------   -------   -------   -------   -------   ------- 
  65    0.2538    0.0488    0.0238    0.0141    0.0207    0.0212    0.0193    0.0266    0.0491    0.5224   65
  66    0.2571    0.0465    0.0235    0.0141    0.0212    0.0202    0.0204    0.0262    0.0461    0.5247   66
  67    0.2582    0.0462    0.0229    0.0139    0.0194    0.0216    0.0217    0.0254    0.0499    0.5209   67
  68    0.2572    0.0465    0.0226    0.0139    0.0193    0.0208    0.0214    0.0286    0.0499    0.5198   68
  69    0.2571    0.0449    0.0228    0.0138    0.0209    0.0208    0.0211    0.0294    0.0499    0.5194   69
       -------   -------   -------   -------   -------   -------   -------   -------   -------   ------- 
  70    0.2544    0.0455    0.0245    0.0148    0.0207    0.0192    0.0203    0.0275    0.0503    0.5228   70
  71    0.2550    0.0464    0.0249    0.0133    0.0194    0.0191    0.0210    0.0255    0.0519    0.5236   71
  72    0.2531    0.0493    0.0233    0.0124    0.0187    0.0203    0.0211    0.0285    0.0495    0.5238   72
  73    0.2528    0.0468    0.0244    0.0144    0.0201    0.0198    0.0196    0.0265    0.0513    0.5243   73
  74    0.2530    0.0466    0.0248    0.0128    0.0201    0.0184    0.0215    0.0248    0.0493    0.5287   74
       -------   -------   -------   -------   -------   -------   -------   -------   -------   ------- 
  75    0.2537    0.0479    0.0217    0.0150    0.0190    0.0206    0.0196    0.0258    0.0483    0.5282   75
  76    0.2542    0.0468    0.0218    0.0136    0.0199    0.0200    0.0199    0.0256    0.0491    0.5290   76
  77    0.2532    0.0455    0.0224    0.0153    0.0168    0.0203    0.0197    0.0268    0.0516    0.5285   77
  78    0.2526    0.0448    0.0216    0.0141    0.0196    0.0204    0.0226    0.0270    0.0466    0.5306   78
  79    0.2512    0.0463    0.0234    0.0143    0.0191    0.0209    0.0189    0.0283    0.0476    0.5301   79
       -------   -------   -------   -------   -------   -------   -------   -------   -------   ------- 
  80    0.2513    0.0480    0.0245    0.0143    0.0180    0.0206    0.0199    0.0278    0.0462    0.5294   80
  81    0.2550    0.0473    0.0223    0.0130    0.0192    0.0196    0.0207    0.0284    0.0482    0.5263   81
  82    0.2566    0.0485    0.0216    0.0137    0.0182    0.0191    0.0189    0.0286    0.0496    0.5252   82
  83    0.2570    0.0467    0.0224    0.0147    0.0209    0.0192    0.0209    0.0285    0.0469    0.5228   83
  84    0.2544    0.0481    0.0244    0.0131    0.0221    0.0203    0.0184    0.0290    0.0488    0.5213   84
       -------   -------   -------   -------   -------   -------   -------   -------   -------   ------- 
  85    0.2553    0.0464    0.0240    0.0141    0.0195    0.0194    0.0212    0.0276    0.0493    0.5231   85
  86    0.2566    0.0454    0.0227    0.0138    0.0194    0.0203    0.0208    0.0268    0.0478    0.5263   86
  87    0.2545    0.0481    0.0236    0.0127    0.0196    0.0200    0.0211    0.0277    0.0461    0.5265   87
  88    0.2552    0.0456    0.0224    0.0142    0.0202    0.0209    0.0202    0.0260    0.0475    0.5278   88
  89    0.2548    0.0474    0.0210    0.0134    0.0184    0.0213    0.0205    0.0262    0.0474    0.5296   89
       -------   -------   -------   -------   -------   -------   -------   -------   -------   ------- 
  90    0.2574    0.0436    0.0224    0.0114    0.0207    0.0213    0.0209    0.0264    0.0467    0.5293   90
  91    0.2551    0.0432    0.0234    0.0135    0.0191    0.0212    0.0210    0.0278    0.0442    0.5315   91
  92    0.2508    0.0478    0.0220    0.0136    0.0203    0.0196    0.0211    0.0278    0.0454    0.5315   92
  93    0.2504    0.0477    0.0251    0.0123    0.0203    0.0200    0.0196    0.0253    0.0477    0.5317   93
  94    0.2491    0.0488    0.0252    0.0146    0.0188    0.0193    0.0193    0.0267    0.0455    0.5329   94
       -------   -------   -------   -------   -------   -------   -------   -------   -------   ------- 
  95    0.2489    0.0480    0.0243    0.0150    0.0187    0.0190    0.0196    0.0276    0.0480    0.5308   95
  96    0.2507    0.0454    0.0234    0.0151    0.0196    0.0186    0.0196    0.0265    0.0494    0.5316   96
  97    0.2509    0.0472    0.0227    0.0141    0.0205    0.0191    0.0195    0.0279    0.0484    0.5296   97
  98    0.2546    0.0458    0.0248    0.0129    0.0201    0.0185    0.0198    0.0284    0.0474    0.5277   98
  99    0.2522    0.0476    0.0235    0.0137    0.0220    0.0205    0.0195    0.0278    0.0494    0.5239   99
       -------   -------   -------   -------   -------   -------   -------   -------   -------   ------- 

Probability Distribution (Noise)
        <0.10     <0.20     <0.30     <0.40     <0.50     <0.60     <0.70     <0.80     <0.90     <1.00  
       -------   -------   -------   -------   -------   -------   -------   -------   -------   ------- 
   0    0.0011    0.0000    0.0000    0.0000    0.0051    0.0000    0.0000    0.0000    0.0000    0.9938    0
   1    0.0074    0.0000    0.0000    0.0000    0.0000    0.0149    0.0000    0.0000    0.0072    0.9705    1
   2    0.0223    0.0000    0.0000    0.0033    0.0034    0.0033    0.0004    0.0310    0.0257    0.9106    2
   3    0.0246    0.0044    0.0032    0.0005    0.0243    0.0069    0.0001    0.0091    0.0307    0.8963    3
   4    0.0282    0.0039    0.0249    0.0073    0.0053    0.0053    0.0021    0.0070    0.0619    0.8541    4
       -------   -------   -------   -------   -------   -------   -------   -------   -------   ------- 
   5    0.0307    0.0232    0.0080    0.0114    0.0069    0.0038    0.0040    0.0076    0.0513    0.8531    5
   6    0.0328    0.0190    0.0106    0.0120    0.0108    0.0044    0.0076    0.0070    0.0459    0.8499    6
   7    0.0322    0.0177    0.0109    0.0119    0.0142    0.0084    0.0050    0.0103    0.0415    0.8481    7
   8    0.0321    0.0212    0.0066    0.0101    0.0167    0.0094    0.0066    0.0097    0.0411    0.8466    8
   9    0.0322    0.0197    0.0080    0.0108    0.0161    0.0125    0.0048    0.0103    0.0401    0.8456    9
       -------   -------   -------   -------   -------   -------   -------   -------   -------   ------- 
  10    0.0332    0.0201    0.0074    0.0100    0.0174    0.0114    0.0049    0.0113    0.0393    0.8451   10
  11    0.0336    0.0209    0.0067    0.0099    0.0182    0.0110    0.0048    0.0111    0.0412    0.8426   11
  12    0.0337    0.0206    0.0070    0.0106    0.0178    0.0108    0.0049    0.0154    0.0373    0.8420   12
  13    0.0340    0.0200    0.0073    0.0102    0.0189    0.0101    0.0051    0.0152    0.0387    0.8406   13
  14    0.0341    0.0197    0.0074    0.0106    0.0188    0.0097    0.0075    0.0127    0.0392    0.8403   14
       -------   -------   -------   -------   -------   -------   -------   -------   -------   ------- 
  15    0.0341    0.0197    0.0073    0.0103    0.0190    0.0101    0.0072    0.0136    0.0391    0.8397   15
  16    0.0338    0.0197    0.0072    0.0107    0.0193    0.0100    0.0066    0.0144    0.0385    0.8399   16
  17    0.0340    0.0192    0.0076    0.0109    0.0190    0.0100    0.0069    0.0137    0.0390    0.8397   17
  18    0.0341    0.0194    0.0078    0.0105    0.0190    0.0096    0.0073    0.0140    0.0384    0.8399   18
  19    0.0339    0.0197    0.0077    0.0111    0.0187    0.0095    0.0069    0.0142    0.0390    0.8394   19
       -------   -------   -------   -------   -------   -------   -------   -------   -------   ------- 
  20    0.0335    0.0194    0.0079    0.0115    0.0183    0.0097    0.0067    0.0144    0.0396    0.8390   20
  21    0.0336    0.0194    0.0076    0.0113    0.0185    0.0099    0.0068    0.0141    0.0396    0.8392   21
  22    0.0336    0.0196    0.0073    0.0112    0.0186    0.0096    0.0067    0.0143    0.0397    0.8394   22
  23    0.0333    0.0193    0.0079    0.0111    0.0185    0.0100    0.0067    0.0144    0.0396    0.8392   23
  24    0.0329    0.0196    0.0077    0.0115    0.0187    0.0099    0.0065    0.0144    0.0394    0.8393   24
       -------   -------   -------   -------   -------   -------   -------   -------   -------   ------- 
  25    0.0327    0.0199    0.0078    0.0118    0.0184    0.0098    0.0065    0.0143    0.0398    0.8390   25
  26    0.0323    0.0202    0.0074    0.0122    0.0183    0.0099    0.0068    0.0141    0.0400    0.8387   26
  27    0.0323    0.0197    0.0079    0.0121    0.0181    0.0105    0.0068    0.0142    0.0405    0.8381   27
  28    0.0324    0.0197    0.0077    0.0119    0.0184    0.0101    0.0070    0.0148    0.0404    0.8375   28
  29    0.0325    0.0197    0.0078    0.0122    0.0186    0.0099    0.0065    0.0147    0.0405    0.8377   29
       -------   -------   -------   -------   -------   -------   -------   -------   -------   ------- 
  30    0.0323    0.0199    0.0080    0.0121    0.0183    0.0101    0.0063    0.0144    0.0408    0.8379   30
  31    0.0323    0.0193    0.0079    0.0123    0.0186    0.0098    0.0065    0.0148    0.0404    0.8380   31
  32    0.0324    0.0197    0.0077    0.0120    0.0186    0.0101    0.0067    0.0147    0.0408    0.8373   32
  33    0.0323    0.0198    0.0080    0.0122    0.0183    0.0099    0.0068    0.0148    0.0408    0.8372   33
  34    0.0325    0.0201    0.0077    0.0123    0.0180    0.0106    0.0065    0.0143    0.0411    0.8368   34
       -------   -------   -------   -------   -------   -------   -------   -------   -------   ------- 
  35    0.0331    0.0196    0.0081    0.0117    0.0183    0.0101    0.0069    0.0146    0.0413    0.8363   35
  36    0.0334    0.0197    0.0079    0.0120    0.0182    0.0101    0.0066    0.0145    0.0414    0.8362   36
  37    0.0334    0.0194    0.0080    0.0124    0.0178    0.0103    0.0063    0.0146    0.0414    0.8363   37
  38    0.0334    0.0197    0.0079    0.0116    0.0185    0.0103    0.0065    0.0146    0.0417    0.8359   38
  39    0.0335    0.0195    0.0081    0.0118    0.0181    0.0101    0.0065    0.0149    0.0414    0.8360   39
       -------   -------   -------   -------   -------   -------   -------   -------   -------   ------- 
  40    0.0335    0.0197    0.0079    0.0122    0.0179    0.0101    0.0062    0.0150    0.0415    0.8359   40
  41    0.0334    0.0194    0.0080    0.0125    0.0178    0.0103    0.0064    0.0147    0.0417    0.8359   41
  42    0.0334    0.0195    0.0081    0.0119    0.0183    0.0103    0.0069    0.0144    0.0410    0.8362   42
  43    0.0335    0.0193    0.0080    0.0127    0.0182    0.0102    0.0067    0.0144    0.0410    0.8361   43
  44    0.0332    0.0194    0.0080    0.0125    0.0185    0.0104    0.0066    0.0147    0.0405    0.8361   44
       -------   -------   -------   -------   -------   -------   -------   -------   -------   ------- 
  45    0.0332    0.0195    0.0081    0.0124    0.0184    0.0105    0.0065    0.0146    0.0413    0.8356   45
  46    0.0329    0.0198    0.0079    0.0123    0.0183    0.0106    0.0069    0.0146    0.0406    0.8361   46
  47    0.0331    0.0195    0.0081    0.0122    0.0180    0.0111    0.0064    0.0150    0.0411    0.8355   47
  48    0.0327    0.0199    0.0083    0.0122    0.0182    0.0105    0.0069    0.0148    0.0412    0.8355   48
  49    0.0326    0.0199    0.0081    0.0128    0.0180    0.0105    0.0068    0.0149    0.0405    0.8359   49
       -------   -------   -------   -------   -------   -------   -------   -------   -------   ------- 
  50    0.0330    0.0197    0.0080    0.0125    0.0181    0.0104    0.0067    0.0150    0.0406    0.8359   50
  51    0.0330    0.0193    0.0080    0.0124    0.0186    0.0107    0.0068    0.0150    0.0409    0.8354   51
  52    0.0326    0.0194    0.0084    0.0126    0.0184    0.0109    0.0069    0.0147    0.0410    0.8351   52
  53    0.0326    0.0192    0.0086    0.0126    0.0182    0.0109    0.0068    0.0151    0.0415    0.8346   53
  54    0.0331    0.0197    0.0077    0.0125    0.0179    0.0107    0.0072    0.0151    0.0419    0.8344   54
       -------   -------   -------   -------   -------   -------   -------   -------   -------   ------- 
  55    0.0332    0.0192    0.0082    0.0127    0.0177    0.0110    0.0067    0.0149    0.0419    0.8346   55
  56    0.0335    0.0192    0.0083    0.0124    0.0180    0.0107    0.0068    0.0147    0.0420    0.8344   56
  57    0.0333    0.0194    0.0081    0.0123    0.0177    0.0111    0.0069    0.0147    0.0426    0.8339   57
  58    0.0333    0.0195    0.0082    0.0124    0.0178    0.0107    0.0069    0.0149    0.0422    0.8342   58
  59    0.0335    0.0194    0.0083    0.0122    0.0178    0.0106    0.0070    0.0147    0.0426    0.8339   59
       -------   -------   -------   -------   -------   -------   -------   -------   -------   ------- 
  60    0.0333    0.0192    0.0082    0.0124    0.0180    0.0106    0.0070    0.0149    0.0425    0.8339   60
  61    0.0333    0.0191    0.0082    0.0127    0.0180    0.0108    0.0068    0.0148    0.0424    0.8338   61
  62    0.0333    0.0195    0.0083    0.0127    0.0178    0.0109    0.0070    0.0149    0.0418    0.8339   62
  63    0.0336    0.0189    0.0085    0.0128    0.0176    0.0109    0.0071    0.0149    0.0421    0.8337   63
  64    0.0337    0.0191    0.0084    0.0128    0.0173    0.0111    0.0071    0.0148    0.0422    0.8336   64
       -------   -------   -------   -------   -------   -------   -------   -------   -------   ------- 
  65    0.0335    0.0192    0.0082    0.0127    0.0177    0.0109    0.0070    0.0150    0.0423    0.8334   65
  66    0.0333    0.0193    0.0080    0.0123    0.0182    0.0112    0.0070    0.0154    0.0422    0.8333   66
  67    0.0331    0.0190    0.0083    0.0126    0.0179    0.0114    0.0074    0.0151    0.0417    0.8336   67
  68    0.0331    0.0191    0.0082    0.0127    0.0176    0.0111    0.0071    0.0151    0.0423    0.8336   68
  69    0.0330    0.0190    0.0085    0.0124    0.0178    0.0112    0.0068    0.0152    0.0429    0.8332   69
       -------   -------   -------   -------   -------   -------   -------   -------   -------   ------- 
  70    0.0335    0.0189    0.0084    0.0126    0.0174    0.0109    0.0073    0.0151    0.0423    0.8336   70
  71    0.0336    0.0190    0.0083    0.0125    0.0175    0.0111    0.0072    0.0155    0.0419    0.8334   71
  72    0.0338    0.0192    0.0087    0.0124    0.0175    0.0106    0.0074    0.0153    0.0422    0.8330   72
  73    0.0337    0.0190    0.0084    0.0130    0.0174    0.0110    0.0073    0.0146    0.0428    0.8326   73
  74    0.0335    0.0191    0.0087    0.0127    0.0177    0.0115    0.0075    0.0148    0.0420    0.8325   74
       -------   -------   -------   -------   -------   -------   -------   -------   -------   ------- 
  75    0.0335    0.0193    0.0088    0.0130    0.0174    0.0116    0.0070    0.0148    0.0424    0.8322   75
  76    0.0336    0.0193    0.0089    0.0128    0.0174    0.0113    0.0076    0.0148    0.0422    0.8321   76
  77    0.0335    0.0197    0.0085    0.0128    0.0178    0.0112    0.0073    0.0152    0.0427    0.8314   77
  78    0.0334    0.0197    0.0088    0.0129    0.0178    0.0113    0.0072    0.0154    0.0425    0.8311   78
  79    0.0334    0.0197    0.0085    0.0133    0.0178    0.0115    0.0074    0.0149    0.0428    0.8306   79
       -------   -------   -------   -------   -------   -------   -------   -------   -------   ------- 
  80    0.0331    0.0194    0.0089    0.0134    0.0183    0.0112    0.0075    0.0152    0.0424    0.8306   80
  81    0.0332    0.0193    0.0087    0.0135    0.0180    0.0117    0.0078    0.0150    0.0426    0.8302   81
  82    0.0330    0.0191    0.0088    0.0133    0.0183    0.0117    0.0078    0.0155    0.0419    0.8305   82
  83    0.0332    0.0190    0.0087    0.0133    0.0180    0.0121    0.0075    0.0155    0.0429    0.8298   83
  84    0.0332    0.0195    0.0085    0.0128    0.0181    0.0119    0.0076    0.0154    0.0433    0.8297   84
       -------   -------   -------   -------   -------   -------   -------   -------   -------   ------- 
  85    0.0329    0.0192    0.0089    0.0130    0.0179    0.0118    0.0076    0.0155    0.0433    0.8299   85
  86    0.0330    0.0189    0.0085    0.0135    0.0181    0.0116    0.0074    0.0155    0.0432    0.8302   86
  87    0.0330    0.0191    0.0088    0.0126    0.0181    0.0121    0.0073    0.0158    0.0422    0.8309   87
  88    0.0331    0.0192    0.0089    0.0128    0.0184    0.0116    0.0073    0.0154    0.0426    0.8308   88
  89    0.0330    0.0190    0.0090    0.0130    0.0181    0.0119    0.0074    0.0154    0.0429    0.8303   89
       -------   -------   -------   -------   -------   -------   -------   -------   -------   ------- 
  90    0.0332    0.0192    0.0088    0.0134    0.0180    0.0117    0.0074    0.0154    0.0433    0.8296   90
  91    0.0330    0.0190    0.0092    0.0133    0.0183    0.0119    0.0077    0.0152    0.0430    0.8295   91
  92    0.0330    0.0193    0.0090    0.0135    0.0177    0.0122    0.0077    0.0150    0.0424    0.8302   92
  93    0.0333    0.0195    0.0089    0.0132    0.0177    0.0121    0.0075    0.0157    0.0418    0.8303   93
  94    0.0331    0.0195    0.0091    0.0136    0.0179    0.0117    0.0072    0.0156    0.0425    0.8299   94
       -------   -------   -------   -------   -------   -------   -------   -------   -------   ------- 
  95    0.0333    0.0192    0.0090    0.0133    0.0179    0.0118    0.0076    0.0155    0.0433    0.8290   95
  96    0.0334    0.0191    0.0086    0.0134    0.0183    0.0121    0.0076    0.0155    0.0432    0.8289   96
  97    0.0339    0.0187    0.0090    0.0129    0.0183    0.0122    0.0077    0.0153    0.0434    0.8285   97
  98    0.0337    0.0194    0.0087    0.0131    0.0178    0.0122    0.0078    0.0158    0.0433    0.8282   98
  99    0.0337    0.0192    0.0089    0.0134    0.0176    0.0121    0.0079    0.0156    0.0434    0.8282   99
       -------   -------   -------   -------   -------   -------   -------   -------   -------   ------- 
