Overall wireset performance: 184685_wnoise_U.pib_exp3a_performance.txt
-----------------------------------------------------------------------
True Positive:         940245
False Positive:          1167
True Negative:       21518312
False Negative:        580276
Recall (TPR):          0.6184
Specificity (TNR):     0.9999
Precision:             0.9988
Accuracy:              0.9748
F1 Score:              0.7638

            True       False        True       False      Recall Specificity 
        positive    positive    negative    negative       (TPR)       (TNR)   Precision    Accuracy    F1 Score 
     ----------- ----------- ----------- ----------- ----------- ----------- ----------- ----------- ----------- 
   0        9463           8      215217        5712      0.6236      1.0000      0.9992      0.9752      0.7679    0
   1        9471          12      215177        5740      0.6226      0.9999      0.9987      0.9750      0.7671    1
   2        9469          19      215162        5750      0.6222      0.9999      0.9980      0.9750      0.7665    2
   3        9488          12      215173        5727      0.6236      0.9999      0.9987      0.9751      0.7678    3
   4        9421          13      215184        5782      0.6197      0.9999      0.9986      0.9748      0.7648    4
     ----------- ----------- ----------- ----------- ----------- ----------- ----------- ----------- ----------- 
   5        9401           9      215212        5778      0.6193      1.0000      0.9990      0.9749      0.7647    5
   6        9446          13      215236        5705      0.6235      0.9999      0.9986      0.9752      0.7677    6
   7        9391          13      215246        5750      0.6202      0.9999      0.9986      0.9750      0.7652    7
   8        9401          18      215240        5741      0.6209      0.9999      0.9981      0.9750      0.7655    8
   9        9431          11      215246        5712      0.6228      0.9999      0.9988      0.9752      0.7672    9
     ----------- ----------- ----------- ----------- ----------- ----------- ----------- ----------- ----------- 
  10        9431           7      215272        5690      0.6237      1.0000      0.9993      0.9753      0.7680   10
  11        9423          15      215265        5697      0.6232      0.9999      0.9984      0.9752      0.7674   11
  12        9448          14      215236        5702      0.6236      0.9999      0.9985      0.9752      0.7678   12
  13        9467           6      215226        5701      0.6241      1.0000      0.9994      0.9752      0.7684   13
  14        9485          10      215238        5667      0.6260      1.0000      0.9989      0.9754      0.7697   14
     ----------- ----------- ----------- ----------- ----------- ----------- ----------- ----------- ----------- 
  15        9506          10      215233        5651      0.6272      1.0000      0.9989      0.9754      0.7706   15
  16        9465           9      215209        5717      0.6234      1.0000      0.9991      0.9751      0.7678   16
  17        9422          10      215200        5768      0.6203      1.0000      0.9989      0.9749      0.7653   17
  18        9419          11      215193        5777      0.6198      0.9999      0.9988      0.9749      0.7650   18
  19        9417          15      215171        5797      0.6190      0.9999      0.9984      0.9748      0.7642   19
     ----------- ----------- ----------- ----------- ----------- ----------- ----------- ----------- ----------- 
  20        9421          11      215212        5756      0.6207      0.9999      0.9988      0.9750      0.7657   20
  21        9360           7      215219        5814      0.6168      1.0000      0.9993      0.9747      0.7628   21
  22        9358           9      215236        5797      0.6175      1.0000      0.9990      0.9748      0.7632   22
  23        9408          12      215210        5770      0.6198      0.9999      0.9987      0.9749      0.7649   23
  24        9366          10      215200        5824      0.6166      1.0000      0.9989      0.9747      0.7625   24
     ----------- ----------- ----------- ----------- ----------- ----------- ----------- ----------- ----------- 
  25        9333          10      215158        5899      0.6127      1.0000      0.9989      0.9744      0.7596   25
  26        9339          16      215144        5901      0.6128      0.9999      0.9983      0.9743      0.7594   26
  27        9353          13      215161        5873      0.6143      0.9999      0.9986      0.9745      0.7607   27
  28        9310          14      215148        5928      0.6110      0.9999      0.9985      0.9742      0.7581   28
  29        9304           8      215148        5940      0.6103      1.0000      0.9991      0.9742      0.7578   29
     ----------- ----------- ----------- ----------- ----------- ----------- ----------- ----------- ----------- 
  30        9311          11      215162        5916      0.6115      0.9999      0.9988      0.9743      0.7586   30
  31        9330           7      215175        5888      0.6131      1.0000      0.9993      0.9744      0.7599   31
  32        9300          13      215187        5900      0.6118      0.9999      0.9986      0.9743      0.7588   32
  33        9254           9      215175        5962      0.6082      1.0000      0.9990      0.9741      0.7561   33
  34        9229          21      215177        5973      0.6071      0.9999      0.9977      0.9740      0.7549   34
     ----------- ----------- ----------- ----------- ----------- ----------- ----------- ----------- ----------- 
  35        9219          21      215172        5988      0.6062      0.9999      0.9977      0.9739      0.7542   35
  36        9244          13      215188        5955      0.6082      0.9999      0.9986      0.9741      0.7560   36
  37        9261          16      215205        5918      0.6101      0.9999      0.9983      0.9742      0.7574   37
  38        9274          16      215187        5923      0.6103      0.9999      0.9983      0.9742      0.7575   38
  39        9288          13      215177        5922      0.6107      0.9999      0.9986      0.9742      0.7579   39
     ----------- ----------- ----------- ----------- ----------- ----------- ----------- ----------- ----------- 
  40        9286           8      215194        5912      0.6110      1.0000      0.9991      0.9743      0.7583   40
  41        9257          11      215181        5951      0.6087      0.9999      0.9988      0.9741      0.7564   41
  42        9262          10      215193        5935      0.6095      1.0000      0.9989      0.9742      0.7570   42
  43        9298          10      215198        5894      0.6120      1.0000      0.9989      0.9744      0.7590   43
  44        9305          14      215166        5915      0.6114      0.9999      0.9985      0.9743      0.7584   44
     ----------- ----------- ----------- ----------- ----------- ----------- ----------- ----------- ----------- 
  45        9303          13      215151        5933      0.6106      0.9999      0.9986      0.9742      0.7578   45
  46        9285           4      215149        5962      0.6090      1.0000      0.9996      0.9741      0.7568   46
  47        9244           9      215159        5988      0.6069      1.0000      0.9990      0.9740      0.7551   47
  48        9280          10      215189        5921      0.6105      1.0000      0.9989      0.9743      0.7578   48
  49        9278          12      215201        5909      0.6109      0.9999      0.9987      0.9743      0.7581   49
     ----------- ----------- ----------- ----------- ----------- ----------- ----------- ----------- ----------- 
  50        9323          14      215179        5884      0.6131      0.9999      0.9985      0.9744      0.7597   50
  51        9253          13      215164        5970      0.6078      0.9999      0.9986      0.9740      0.7557   51
  52        9291           6      215175        5928      0.6105      1.0000      0.9994      0.9742      0.7580   52
  53        9245           9      215190        5956      0.6082      1.0000      0.9990      0.9741      0.7561   53
  54        9291          21      215181        5907      0.6113      0.9999      0.9977      0.9743      0.7581   54
     ----------- ----------- ----------- ----------- ----------- ----------- ----------- ----------- ----------- 
  55        9350          21      215226        5803      0.6170      0.9999      0.9978      0.9747      0.7625   55
  56        9340          10      215238        5812      0.6164      1.0000      0.9989      0.9747      0.7624   56
  57        9361           6      215234        5799      0.6175      1.0000      0.9994      0.9748      0.7633   57
  58        9386           9      215240        5765      0.6195      1.0000      0.9990      0.9749      0.7648   58
  59        9368           8      215248        5776      0.6186      1.0000      0.9991      0.9749      0.7641   59
     ----------- ----------- ----------- ----------- ----------- ----------- ----------- ----------- ----------- 
  60        9380          11      215250        5759      0.6196      0.9999      0.9988      0.9750      0.7648   60
  61        9340           8      215242        5810      0.6165      1.0000      0.9991      0.9747      0.7625   61
  62        9380          11      215263        5746      0.6201      0.9999      0.9988      0.9750      0.7652   62
  63        9359          13      215250        5778      0.6183      0.9999      0.9986      0.9749      0.7637   63
  64        9424          10      215257        5709      0.6227      1.0000      0.9989      0.9752      0.7672   64
     ----------- ----------- ----------- ----------- ----------- ----------- ----------- ----------- ----------- 
  65        9440          11      215246        5703      0.6234      0.9999      0.9988      0.9752      0.7677   65
  66        9431          13      215219        5737      0.6218      0.9999      0.9986      0.9750      0.7664   66
  67        9488          11      215208        5693      0.6250      0.9999      0.9988      0.9752      0.7689   67
  68        9450          15      215170        5765      0.6211      0.9999      0.9984      0.9749      0.7658   68
  69        9461          10      215172        5757      0.6217      1.0000      0.9989      0.9750      0.7664   69
     ----------- ----------- ----------- ----------- ----------- ----------- ----------- ----------- ----------- 
  70        9491          13      215189        5707      0.6245      0.9999      0.9986      0.9752      0.7684   70
  71        9435          17      215167        5781      0.6201      0.9999      0.9982      0.9748      0.7650   71
  72        9471           9      215174        5746      0.6224      1.0000      0.9991      0.9750      0.7670   72
  73        9461           9      215166        5764      0.6214      1.0000      0.9990      0.9749      0.7662   73
  74        9443          10      215178        5769      0.6208      1.0000      0.9989      0.9749      0.7657   74
     ----------- ----------- ----------- ----------- ----------- ----------- ----------- ----------- ----------- 
  75        9508           8      215166        5718      0.6245      1.0000      0.9992      0.9751      0.7686   75
  76        9493           8      215183        5716      0.6242      1.0000      0.9992      0.9752      0.7684   76
  77        9513           9      215189        5689      0.6258      1.0000      0.9991      0.9753      0.7695   77
  78        9447          12      215180        5761      0.6212      0.9999      0.9987      0.9749      0.7660   78
  79        9491          15      215166        5728      0.6236      0.9999      0.9984      0.9751      0.7677   79
     ----------- ----------- ----------- ----------- ----------- ----------- ----------- ----------- ----------- 
  80        9483          15      215160        5742      0.6229      0.9999      0.9984      0.9750      0.7671   80
  81        9484          17      215154        5745      0.6228      0.9999      0.9982      0.9750      0.7670   81
  82        9456          12      215159        5773      0.6209      0.9999      0.9987      0.9749      0.7658   82
  83        9395          12      215150        5843      0.6166      0.9999      0.9987      0.9746      0.7624   83
  84        9468           9      215146        5777      0.6211      1.0000      0.9991      0.9749      0.7660   84
     ----------- ----------- ----------- ----------- ----------- ----------- ----------- ----------- ----------- 
  85        9488           7      215126        5779      0.6215      1.0000      0.9993      0.9749      0.7663   85
  86        9538          15      215117        5730      0.6247      0.9999      0.9984      0.9751      0.7685   86
  87        9540          14      215103        5743      0.6242      0.9999      0.9985      0.9750      0.7682   87
  88        9496          10      215105        5789      0.6213      1.0000      0.9989      0.9748      0.7661   88
  89        9506          11      215101        5782      0.6218      0.9999      0.9988      0.9749      0.7665   89
     ----------- ----------- ----------- ----------- ----------- ----------- ----------- ----------- ----------- 
  90        9496          10      215101        5793      0.6211      1.0000      0.9989      0.9748      0.7660   90
  91        9536          11      215096        5757      0.6236      0.9999      0.9988      0.9750      0.7678   91
  92        9502          13      215101        5784      0.6216      0.9999      0.9986      0.9748      0.7663   92
  93        9512           6      215117        5765      0.6226      1.0000      0.9994      0.9750      0.7673   93
  94        9530          11      215128        5731      0.6245      0.9999      0.9988      0.9751      0.7685   94
     ----------- ----------- ----------- ----------- ----------- ----------- ----------- ----------- ----------- 
  95        9574          14      215125        5687      0.6274      0.9999      0.9985      0.9753      0.7706   95
  96        9565          12      215148        5675      0.6276      0.9999      0.9987      0.9753      0.7708   96
  97        9553           8      215132        5707      0.6260      1.0000      0.9992      0.9752      0.7698   97
  98        9585          15      215090        5710      0.6267      0.9999      0.9984      0.9752      0.7700   98
  99        9499          19      215085        5797      0.6210      0.9999      0.9980      0.9748      0.7656   99
     ----------- ----------- ----------- ----------- ----------- ----------- ----------- ----------- ----------- 

Probability Distribution (Signal)
        <0.10     <0.20     <0.30     <0.40     <0.50     <0.60     <0.70     <0.80     <0.90     <1.00  
       -------   -------   -------   -------   -------   -------   -------   -------   -------   ------- 
   0    0.2596    0.0416    0.0275    0.0261    0.0215    0.0202    0.0214    0.0245    0.0350    0.5224    0
   1    0.2624    0.0392    0.0298    0.0229    0.0230    0.0201    0.0195    0.0220    0.0354    0.5257    1
   2    0.2607    0.0415    0.0326    0.0240    0.0191    0.0189    0.0211    0.0233    0.0366    0.5224    2
   3    0.2593    0.0429    0.0281    0.0256    0.0205    0.0228    0.0214    0.0231    0.0380    0.5182    3
   4    0.2590    0.0414    0.0317    0.0255    0.0228    0.0206    0.0232    0.0238    0.0363    0.5158    4
       -------   -------   -------   -------   -------   -------   -------   -------   -------   ------- 
   5    0.2590    0.0419    0.0325    0.0261    0.0212    0.0203    0.0201    0.0235    0.0363    0.5192    5
   6    0.2586    0.0434    0.0302    0.0233    0.0210    0.0225    0.0226    0.0234    0.0354    0.5195    6
   7    0.2586    0.0432    0.0315    0.0260    0.0205    0.0213    0.0215    0.0250    0.0339    0.5185    7
   8    0.2614    0.0426    0.0298    0.0243    0.0211    0.0194    0.0214    0.0227    0.0403    0.5171    8
   9    0.2622    0.0400    0.0319    0.0236    0.0194    0.0216    0.0215    0.0265    0.0357    0.5175    9
       -------   -------   -------   -------   -------   -------   -------   -------   -------   ------- 
  10    0.2610    0.0382    0.0316    0.0262    0.0192    0.0227    0.0216    0.0229    0.0347    0.5218   10
  11    0.2583    0.0424    0.0284    0.0260    0.0217    0.0214    0.0202    0.0249    0.0378    0.5189   11
  12    0.2599    0.0418    0.0278    0.0255    0.0213    0.0217    0.0218    0.0257    0.0351    0.5193   12
  13    0.2571    0.0419    0.0311    0.0242    0.0216    0.0216    0.0219    0.0253    0.0357    0.5196   13
  14    0.2597    0.0412    0.0282    0.0241    0.0209    0.0236    0.0197    0.0235    0.0352    0.5239   14
       -------   -------   -------   -------   -------   -------   -------   -------   -------   ------- 
  15    0.2585    0.0395    0.0297    0.0243    0.0208    0.0218    0.0204    0.0248    0.0371    0.5231   15
  16    0.2627    0.0402    0.0287    0.0231    0.0219    0.0204    0.0217    0.0245    0.0375    0.5192   16
  17    0.2625    0.0392    0.0305    0.0254    0.0222    0.0219    0.0199    0.0251    0.0323    0.5210   17
  18    0.2625    0.0399    0.0315    0.0246    0.0216    0.0206    0.0205    0.0267    0.0360    0.5161   18
  19    0.2651    0.0394    0.0296    0.0260    0.0208    0.0229    0.0195    0.0250    0.0344    0.5172   19
       -------   -------   -------   -------   -------   -------   -------   -------   -------   ------- 
  20    0.2618    0.0425    0.0279    0.0261    0.0210    0.0196    0.0220    0.0266    0.0370    0.5155   20
  21    0.2626    0.0407    0.0308    0.0270    0.0221    0.0202    0.0218    0.0252    0.0327    0.5169   21
  22    0.2628    0.0425    0.0315    0.0234    0.0224    0.0212    0.0193    0.0261    0.0367    0.5141   22
  23    0.2652    0.0425    0.0264    0.0256    0.0205    0.0224    0.0235    0.0249    0.0372    0.5119   23
  24    0.2654    0.0413    0.0296    0.0240    0.0231    0.0207    0.0192    0.0250    0.0360    0.5156   24
       -------   -------   -------   -------   -------   -------   -------   -------   -------   ------- 
  25    0.2683    0.0427    0.0288    0.0257    0.0218    0.0224    0.0197    0.0228    0.0345    0.5133   25
  26    0.2708    0.0421    0.0303    0.0237    0.0203    0.0184    0.0203    0.0275    0.0371    0.5095   26
  27    0.2732    0.0401    0.0290    0.0236    0.0198    0.0225    0.0201    0.0255    0.0336    0.5126   27
  28    0.2704    0.0412    0.0307    0.0245    0.0222    0.0207    0.0214    0.0238    0.0329    0.5122   28
  29    0.2699    0.0389    0.0308    0.0270    0.0230    0.0216    0.0195    0.0232    0.0361    0.5099   29
       -------   -------   -------   -------   -------   -------   -------   -------   -------   ------- 
  30    0.2720    0.0378    0.0313    0.0260    0.0214    0.0210    0.0214    0.0248    0.0353    0.5089   30
  31    0.2700    0.0403    0.0319    0.0235    0.0212    0.0226    0.0202    0.0272    0.0365    0.5066   31
  32    0.2699    0.0414    0.0292    0.0255    0.0222    0.0235    0.0201    0.0252    0.0361    0.5070   32
  33    0.2706    0.0430    0.0291    0.0268    0.0223    0.0206    0.0227    0.0244    0.0333    0.5071   33
  34    0.2707    0.0426    0.0316    0.0258    0.0222    0.0211    0.0211    0.0235    0.0340    0.5073   34
       -------   -------   -------   -------   -------   -------   -------   -------   -------   ------- 
  35    0.2713    0.0431    0.0330    0.0258    0.0205    0.0214    0.0193    0.0229    0.0354    0.5072   35
  36    0.2720    0.0424    0.0305    0.0245    0.0223    0.0222    0.0214    0.0259    0.0333    0.5054   36
  37    0.2707    0.0410    0.0285    0.0272    0.0225    0.0234    0.0226    0.0244    0.0347    0.5050   37
  38    0.2710    0.0400    0.0303    0.0252    0.0232    0.0205    0.0211    0.0252    0.0392    0.5043   38
  39    0.2677    0.0435    0.0302    0.0264    0.0216    0.0203    0.0220    0.0255    0.0352    0.5076   39
       -------   -------   -------   -------   -------   -------   -------   -------   -------   ------- 
  40    0.2685    0.0399    0.0314    0.0245    0.0247    0.0214    0.0213    0.0247    0.0342    0.5094   40
  41    0.2694    0.0421    0.0307    0.0258    0.0233    0.0189    0.0225    0.0225    0.0349    0.5100   41
  42    0.2676    0.0433    0.0314    0.0259    0.0224    0.0206    0.0207    0.0235    0.0364    0.5083   42
  43    0.2680    0.0402    0.0328    0.0268    0.0202    0.0213    0.0217    0.0254    0.0358    0.5079   43
  44    0.2714    0.0415    0.0308    0.0237    0.0214    0.0217    0.0223    0.0245    0.0344    0.5084   44
       -------   -------   -------   -------   -------   -------   -------   -------   -------   ------- 
  45    0.2700    0.0419    0.0285    0.0282    0.0208    0.0225    0.0241    0.0217    0.0339    0.5083   45
  46    0.2712    0.0430    0.0296    0.0257    0.0215    0.0213    0.0213    0.0248    0.0361    0.5055   46
  47    0.2696    0.0433    0.0291    0.0267    0.0243    0.0203    0.0211    0.0235    0.0374    0.5047   47
  48    0.2695    0.0414    0.0312    0.0256    0.0218    0.0222    0.0219    0.0239    0.0361    0.5064   48
  49    0.2679    0.0439    0.0319    0.0246    0.0209    0.0211    0.0217    0.0230    0.0373    0.5079   49
       -------   -------   -------   -------   -------   -------   -------   -------   -------   ------- 
  50    0.2701    0.0435    0.0287    0.0228    0.0218    0.0217    0.0226    0.0253    0.0330    0.5105   50
  51    0.2706    0.0433    0.0302    0.0256    0.0226    0.0199    0.0214    0.0255    0.0340    0.5071   51
  52    0.2685    0.0430    0.0292    0.0255    0.0233    0.0228    0.0240    0.0243    0.0344    0.5050   52
  53    0.2674    0.0390    0.0334    0.0291    0.0230    0.0211    0.0211    0.0236    0.0341    0.5083   53
  54    0.2649    0.0438    0.0340    0.0255    0.0206    0.0203    0.0213    0.0246    0.0345    0.5107   54
       -------   -------   -------   -------   -------   -------   -------   -------   -------   ------- 
  55    0.2652    0.0431    0.0299    0.0230    0.0218    0.0224    0.0206    0.0245    0.0344    0.5150   55
  56    0.2685    0.0388    0.0294    0.0248    0.0221    0.0204    0.0209    0.0240    0.0364    0.5147   56
  57    0.2677    0.0396    0.0293    0.0249    0.0210    0.0206    0.0204    0.0231    0.0374    0.5159   57
  58    0.2665    0.0418    0.0294    0.0228    0.0201    0.0199    0.0205    0.0253    0.0374    0.5164   58
  59    0.2614    0.0427    0.0301    0.0248    0.0225    0.0226    0.0202    0.0232    0.0390    0.5135   59
       -------   -------   -------   -------   -------   -------   -------   -------   -------   ------- 
  60    0.2616    0.0411    0.0320    0.0264    0.0194    0.0228    0.0234    0.0231    0.0363    0.5141   60
  61    0.2618    0.0417    0.0307    0.0275    0.0218    0.0215    0.0204    0.0257    0.0348    0.5141   61
  62    0.2598    0.0426    0.0336    0.0252    0.0187    0.0224    0.0222    0.0245    0.0355    0.5155   62
  63    0.2595    0.0441    0.0318    0.0252    0.0211    0.0200    0.0207    0.0256    0.0351    0.5169   63
  64    0.2592    0.0423    0.0306    0.0260    0.0192    0.0227    0.0218    0.0248    0.0365    0.5168   64
       -------   -------   -------   -------   -------   -------   -------   -------   -------   ------- 
  65    0.2582    0.0429    0.0294    0.0241    0.0221    0.0215    0.0234    0.0240    0.0375    0.5170   65
  66    0.2581    0.0413    0.0289    0.0280    0.0219    0.0212    0.0208    0.0255    0.0361    0.5183   66
  67    0.2566    0.0413    0.0301    0.0263    0.0207    0.0236    0.0232    0.0239    0.0368    0.5175   67
  68    0.2592    0.0417    0.0310    0.0260    0.0210    0.0209    0.0218    0.0258    0.0359    0.5167   68
  69    0.2609    0.0387    0.0291    0.0264    0.0232    0.0227    0.0220    0.0252    0.0315    0.5203   69
       -------   -------   -------   -------   -------   -------   -------   -------   -------   ------- 
  70    0.2597    0.0378    0.0326    0.0243    0.0210    0.0225    0.0200    0.0236    0.0351    0.5234   70
  71    0.2620    0.0392    0.0313    0.0241    0.0233    0.0196    0.0209    0.0254    0.0349    0.5193   71
  72    0.2615    0.0398    0.0289    0.0250    0.0223    0.0223    0.0205    0.0248    0.0356    0.5193   72
  73    0.2617    0.0397    0.0296    0.0250    0.0225    0.0219    0.0225    0.0239    0.0365    0.5166   73
  74    0.2611    0.0407    0.0287    0.0273    0.0215    0.0176    0.0217    0.0224    0.0375    0.5216   74
       -------   -------   -------   -------   -------   -------   -------   -------   -------   ------- 
  75    0.2631    0.0390    0.0304    0.0231    0.0200    0.0213    0.0213    0.0232    0.0342    0.5244   75
  76    0.2614    0.0405    0.0285    0.0247    0.0208    0.0214    0.0201    0.0241    0.0334    0.5251   76
  77    0.2634    0.0384    0.0282    0.0249    0.0193    0.0212    0.0204    0.0260    0.0366    0.5216   77
  78    0.2612    0.0424    0.0284    0.0252    0.0216    0.0201    0.0189    0.0252    0.0360    0.5210   78
  79    0.2589    0.0434    0.0298    0.0235    0.0208    0.0204    0.0216    0.0239    0.0342    0.5236   79
       -------   -------   -------   -------   -------   -------   -------   -------   -------   ------- 
  80    0.2620    0.0408    0.0300    0.0237    0.0207    0.0197    0.0207    0.0256    0.0371    0.5197   80
  81    0.2619    0.0389    0.0291    0.0267    0.0206    0.0213    0.0232    0.0261    0.0333    0.5189   81
  82    0.2608    0.0406    0.0303    0.0268    0.0206    0.0226    0.0207    0.0261    0.0369    0.5146   82
  83    0.2604    0.0423    0.0318    0.0268    0.0222    0.0205    0.0211    0.0223    0.0369    0.5157   83
  84    0.2611    0.0413    0.0298    0.0259    0.0209    0.0222    0.0206    0.0243    0.0365    0.5174   84
       -------   -------   -------   -------   -------   -------   -------   -------   -------   ------- 
  85    0.2621    0.0408    0.0309    0.0228    0.0220    0.0195    0.0210    0.0230    0.0354    0.5226   85
  86    0.2609    0.0400    0.0298    0.0239    0.0208    0.0204    0.0202    0.0247    0.0366    0.5228   86
  87    0.2615    0.0417    0.0270    0.0260    0.0195    0.0210    0.0210    0.0243    0.0376    0.5203   87
  88    0.2611    0.0413    0.0289    0.0262    0.0213    0.0198    0.0209    0.0247    0.0337    0.5221   88
  89    0.2631    0.0395    0.0313    0.0228    0.0215    0.0216    0.0199    0.0241    0.0349    0.5214   89
       -------   -------   -------   -------   -------   -------   -------   -------   -------   ------- 
  90    0.2616    0.0409    0.0309    0.0236    0.0218    0.0207    0.0192    0.0232    0.0337    0.5243   90
  91    0.2608    0.0411    0.0288    0.0247    0.0211    0.0224    0.0189    0.0252    0.0328    0.5242   91
  92    0.2635    0.0383    0.0290    0.0245    0.0230    0.0180    0.0203    0.0227    0.0364    0.5241   92
  93    0.2610    0.0412    0.0287    0.0238    0.0226    0.0204    0.0194    0.0214    0.0352    0.5263   93
  94    0.2584    0.0398    0.0305    0.0248    0.0220    0.0202    0.0223    0.0240    0.0345    0.5234   94
       -------   -------   -------   -------   -------   -------   -------   -------   -------   ------- 
  95    0.2548    0.0424    0.0294    0.0247    0.0214    0.0215    0.0222    0.0236    0.0344    0.5257   95
  96    0.2573    0.0415    0.0293    0.0229    0.0213    0.0213    0.0233    0.0240    0.0341    0.5250   96
  97    0.2554    0.0422    0.0313    0.0239    0.0212    0.0199    0.0208    0.0262    0.0363    0.5228   97
  98    0.2592    0.0399    0.0287    0.0247    0.0209    0.0212    0.0218    0.0248    0.0366    0.5222   98
  99    0.2584    0.0420    0.0314    0.0258    0.0214    0.0206    0.0201    0.0225    0.0339    0.5239   99
       -------   -------   -------   -------   -------   -------   -------   -------   -------   ------- 

Probability Distribution (Noise)
        <0.10     <0.20     <0.30     <0.40     <0.50     <0.60     <0.70     <0.80     <0.90     <1.00  
       -------   -------   -------   -------   -------   -------   -------   -------   -------   ------- 
   0    0.0000    0.0000    0.0000    0.0000    0.0000    0.0000    0.0002    0.0005    0.0010    0.9982    0
   1    0.0000    0.0000    0.0000    0.0000    0.0000    0.0000    0.0001    0.0003    0.0012    0.9983    1
   2    0.0000    0.0000    0.0000    0.0000    0.0000    0.0001    0.0001    0.0002    0.0011    0.9984    2
   3    0.0000    0.0000    0.0000    0.0000    0.0000    0.0001    0.0001    0.0003    0.0011    0.9984    3
   4    0.0000    0.0000    0.0000    0.0000    0.0000    0.0001    0.0001    0.0003    0.0011    0.9984    4
       -------   -------   -------   -------   -------   -------   -------   -------   -------   ------- 
   5    0.0000    0.0000    0.0000    0.0000    0.0000    0.0000    0.0001    0.0003    0.0012    0.9983    5
   6    0.0000    0.0000    0.0000    0.0000    0.0000    0.0000    0.0001    0.0003    0.0012    0.9983    6
   7    0.0000    0.0000    0.0000    0.0000    0.0000    0.0000    0.0001    0.0003    0.0012    0.9983    7
   8    0.0000    0.0000    0.0000    0.0000    0.0000    0.0000    0.0002    0.0003    0.0011    0.9984    8
   9    0.0000    0.0000    0.0000    0.0000    0.0000    0.0001    0.0001    0.0003    0.0012    0.9983    9
       -------   -------   -------   -------   -------   -------   -------   -------   -------   ------- 
  10    0.0000    0.0000    0.0000    0.0000    0.0000    0.0001    0.0001    0.0003    0.0012    0.9983   10
  11    0.0000    0.0000    0.0000    0.0000    0.0000    0.0001    0.0001    0.0003    0.0010    0.9984   11
  12    0.0000    0.0000    0.0000    0.0000    0.0000    0.0000    0.0001    0.0003    0.0011    0.9984   12
  13    0.0000    0.0000    0.0000    0.0000    0.0000    0.0000    0.0001    0.0003    0.0012    0.9984   13
  14    0.0000    0.0000    0.0000    0.0000    0.0000    0.0000    0.0001    0.0003    0.0011    0.9984   14
       -------   -------   -------   -------   -------   -------   -------   -------   -------   ------- 
  15    0.0000    0.0000    0.0000    0.0000    0.0000    0.0000    0.0001    0.0002    0.0012    0.9984   15
  16    0.0000    0.0000    0.0000    0.0000    0.0000    0.0000    0.0001    0.0002    0.0010    0.9986   16
  17    0.0000    0.0000    0.0000    0.0000    0.0000    0.0000    0.0001    0.0002    0.0011    0.9985   17
  18    0.0000    0.0000    0.0000    0.0000    0.0000    0.0001    0.0001    0.0002    0.0010    0.9985   18
  19    0.0000    0.0000    0.0000    0.0000    0.0000    0.0000    0.0001    0.0003    0.0011    0.9984   19
       -------   -------   -------   -------   -------   -------   -------   -------   -------   ------- 
  20    0.0000    0.0000    0.0000    0.0000    0.0000    0.0000    0.0001    0.0003    0.0011    0.9984   20
  21    0.0000    0.0000    0.0000    0.0000    0.0000    0.0001    0.0001    0.0003    0.0012    0.9983   21
  22    0.0000    0.0000    0.0000    0.0000    0.0000    0.0001    0.0001    0.0003    0.0012    0.9984   22
  23    0.0000    0.0000    0.0000    0.0000    0.0000    0.0001    0.0001    0.0003    0.0012    0.9983   23
  24    0.0000    0.0000    0.0000    0.0000    0.0000    0.0000    0.0001    0.0003    0.0010    0.9984   24
       -------   -------   -------   -------   -------   -------   -------   -------   -------   ------- 
  25    0.0000    0.0000    0.0000    0.0000    0.0000    0.0000    0.0001    0.0003    0.0011    0.9984   25
  26    0.0000    0.0000    0.0000    0.0000    0.0001    0.0000    0.0001    0.0003    0.0010    0.9985   26
  27    0.0000    0.0000    0.0000    0.0000    0.0000    0.0001    0.0001    0.0002    0.0011    0.9984   27
  28    0.0000    0.0000    0.0000    0.0000    0.0000    0.0000    0.0001    0.0003    0.0011    0.9983   28
  29    0.0000    0.0000    0.0000    0.0000    0.0000    0.0000    0.0001    0.0003    0.0011    0.9984   29
       -------   -------   -------   -------   -------   -------   -------   -------   -------   ------- 
  30    0.0000    0.0000    0.0000    0.0000    0.0000    0.0000    0.0001    0.0003    0.0011    0.9984   30
  31    0.0000    0.0000    0.0000    0.0000    0.0000    0.0000    0.0001    0.0003    0.0011    0.9984   31
  32    0.0000    0.0000    0.0000    0.0000    0.0000    0.0000    0.0001    0.0003    0.0011    0.9984   32
  33    0.0000    0.0000    0.0000    0.0000    0.0000    0.0000    0.0001    0.0002    0.0012    0.9984   33
  34    0.0000    0.0000    0.0000    0.0000    0.0001    0.0001    0.0001    0.0003    0.0011    0.9983   34
       -------   -------   -------   -------   -------   -------   -------   -------   -------   ------- 
  35    0.0000    0.0000    0.0000    0.0000    0.0000    0.0001    0.0001    0.0003    0.0011    0.9983   35
  36    0.0000    0.0000    0.0000    0.0000    0.0000    0.0001    0.0001    0.0003    0.0011    0.9984   36
  37    0.0000    0.0000    0.0000    0.0000    0.0000    0.0000    0.0001    0.0003    0.0013    0.9982   37
  38    0.0000    0.0000    0.0000    0.0000    0.0000    0.0000    0.0001    0.0002    0.0012    0.9984   38
  39    0.0000    0.0000    0.0000    0.0000    0.0000    0.0000    0.0001    0.0003    0.0010    0.9985   39
       -------   -------   -------   -------   -------   -------   -------   -------   -------   ------- 
  40    0.0000    0.0000    0.0000    0.0000    0.0000    0.0000    0.0001    0.0003    0.0011    0.9984   40
  41    0.0000    0.0000    0.0000    0.0000    0.0000    0.0000    0.0001    0.0003    0.0012    0.9983   41
  42    0.0000    0.0000    0.0000    0.0000    0.0000    0.0000    0.0001    0.0002    0.0011    0.9984   42
  43    0.0000    0.0000    0.0000    0.0000    0.0000    0.0001    0.0001    0.0003    0.0011    0.9984   43
  44    0.0000    0.0000    0.0000    0.0000    0.0000    0.0000    0.0001    0.0003    0.0012    0.9984   44
       -------   -------   -------   -------   -------   -------   -------   -------   -------   ------- 
  45    0.0000    0.0000    0.0000    0.0000    0.0000    0.0001    0.0001    0.0003    0.0011    0.9985   45
  46    0.0000    0.0000    0.0000    0.0000    0.0000    0.0000    0.0001    0.0003    0.0011    0.9985   46
  47    0.0000    0.0000    0.0000    0.0000    0.0000    0.0000    0.0001    0.0003    0.0011    0.9984   47
  48    0.0000    0.0000    0.0000    0.0000    0.0000    0.0000    0.0001    0.0003    0.0011    0.9983   48
  49    0.0000    0.0000    0.0000    0.0000    0.0000    0.0000    0.0001    0.0003    0.0012    0.9983   49
       -------   -------   -------   -------   -------   -------   -------   -------   -------   ------- 
  50    0.0000    0.0000    0.0000    0.0000    0.0000    0.0000    0.0001    0.0003    0.0012    0.9983   50
  51    0.0000    0.0000    0.0000    0.0000    0.0000    0.0000    0.0001    0.0003    0.0011    0.9984   51
  52    0.0000    0.0000    0.0000    0.0000    0.0000    0.0000    0.0001    0.0003    0.0011    0.9984   52
  53    0.0000    0.0000    0.0000    0.0000    0.0000    0.0000    0.0001    0.0002    0.0011    0.9985   53
  54    0.0000    0.0000    0.0000    0.0000    0.0000    0.0000    0.0001    0.0002    0.0011    0.9985   54
       -------   -------   -------   -------   -------   -------   -------   -------   -------   ------- 
  55    0.0000    0.0000    0.0000    0.0000    0.0001    0.0001    0.0001    0.0002    0.0011    0.9985   55
  56    0.0000    0.0000    0.0000    0.0000    0.0000    0.0001    0.0001    0.0003    0.0010    0.9985   56
  57    0.0000    0.0000    0.0000    0.0000    0.0000    0.0000    0.0001    0.0002    0.0010    0.9985   57
  58    0.0000    0.0000    0.0000    0.0000    0.0000    0.0000    0.0001    0.0003    0.0011    0.9984   58
  59    0.0000    0.0000    0.0000    0.0000    0.0000    0.0000    0.0001    0.0002    0.0012    0.9984   59
       -------   -------   -------   -------   -------   -------   -------   -------   -------   ------- 
  60    0.0000    0.0000    0.0000    0.0000    0.0000    0.0000    0.0001    0.0002    0.0012    0.9984   60
  61    0.0000    0.0000    0.0000    0.0000    0.0000    0.0000    0.0001    0.0002    0.0011    0.9985   61
  62    0.0000    0.0000    0.0000    0.0000    0.0000    0.0001    0.0001    0.0001    0.0011    0.9986   62
  63    0.0000    0.0000    0.0000    0.0000    0.0000    0.0000    0.0001    0.0003    0.0011    0.9984   63
  64    0.0000    0.0000    0.0000    0.0000    0.0000    0.0000    0.0001    0.0002    0.0011    0.9985   64
       -------   -------   -------   -------   -------   -------   -------   -------   -------   ------- 
  65    0.0000    0.0000    0.0000    0.0000    0.0000    0.0001    0.0001    0.0003    0.0011    0.9984   65
  66    0.0000    0.0000    0.0000    0.0000    0.0000    0.0000    0.0001    0.0002    0.0010    0.9985   66
  67    0.0000    0.0000    0.0000    0.0000    0.0000    0.0001    0.0001    0.0002    0.0012    0.9983   67
  68    0.0000    0.0000    0.0000    0.0000    0.0000    0.0000    0.0001    0.0002    0.0012    0.9984   68
  69    0.0000    0.0000    0.0000    0.0000    0.0000    0.0000    0.0001    0.0003    0.0011    0.9984   69
       -------   -------   -------   -------   -------   -------   -------   -------   -------   ------- 
  70    0.0000    0.0000    0.0000    0.0000    0.0000    0.0000    0.0001    0.0002    0.0011    0.9985   70
  71    0.0000    0.0000    0.0000    0.0000    0.0000    0.0000    0.0001    0.0002    0.0010    0.9986   71
  72    0.0000    0.0000    0.0000    0.0000    0.0000    0.0000    0.0001    0.0003    0.0011    0.9984   72
  73    0.0000    0.0000    0.0000    0.0000    0.0000    0.0000    0.0001    0.0003    0.0011    0.9985   73
  74    0.0000    0.0000    0.0000    0.0000    0.0000    0.0001    0.0001    0.0002    0.0012    0.9984   74
       -------   -------   -------   -------   -------   -------   -------   -------   -------   ------- 
  75    0.0000    0.0000    0.0000    0.0000    0.0000    0.0000    0.0001    0.0003    0.0011    0.9985   75
  76    0.0000    0.0000    0.0000    0.0000    0.0000    0.0000    0.0001    0.0002    0.0011    0.9985   76
  77    0.0000    0.0000    0.0000    0.0000    0.0000    0.0000    0.0001    0.0003    0.0011    0.9984   77
  78    0.0000    0.0000    0.0000    0.0000    0.0000    0.0000    0.0001    0.0002    0.0010    0.9986   78
  79    0.0000    0.0000    0.0000    0.0000    0.0000    0.0001    0.0001    0.0003    0.0010    0.9985   79
       -------   -------   -------   -------   -------   -------   -------   -------   -------   ------- 
  80    0.0000    0.0000    0.0000    0.0000    0.0000    0.0000    0.0001    0.0002    0.0010    0.9985   80
  81    0.0000    0.0000    0.0000    0.0000    0.0000    0.0001    0.0001    0.0003    0.0010    0.9985   81
  82    0.0000    0.0000    0.0000    0.0000    0.0000    0.0000    0.0001    0.0002    0.0010    0.9985   82
  83    0.0000    0.0000    0.0000    0.0000    0.0000    0.0001    0.0001    0.0003    0.0010    0.9985   83
  84    0.0000    0.0000    0.0000    0.0000    0.0000    0.0000    0.0001    0.0003    0.0011    0.9984   84
       -------   -------   -------   -------   -------   -------   -------   -------   -------   ------- 
  85    0.0000    0.0000    0.0000    0.0000    0.0000    0.0000    0.0001    0.0003    0.0011    0.9985   85
  86    0.0000    0.0000    0.0000    0.0000    0.0000    0.0000    0.0001    0.0003    0.0010    0.9985   86
  87    0.0000    0.0000    0.0000    0.0000    0.0000    0.0000    0.0001    0.0003    0.0010    0.9985   87
  88    0.0000    0.0000    0.0000    0.0000    0.0000    0.0000    0.0001    0.0002    0.0011    0.9985   88
  89    0.0000    0.0000    0.0000    0.0000    0.0000    0.0001    0.0001    0.0003    0.0009    0.9986   89
       -------   -------   -------   -------   -------   -------   -------   -------   -------   ------- 
  90    0.0000    0.0000    0.0000    0.0000    0.0000    0.0001    0.0001    0.0003    0.0011    0.9984   90
  91    0.0000    0.0000    0.0000    0.0000    0.0000    0.0000    0.0001    0.0003    0.0009    0.9986   91
  92    0.0000    0.0000    0.0000    0.0000    0.0000    0.0000    0.0001    0.0003    0.0010    0.9985   92
  93    0.0000    0.0000    0.0000    0.0000    0.0000    0.0000    0.0001    0.0002    0.0010    0.9986   93
  94    0.0000    0.0000    0.0000    0.0000    0.0000    0.0000    0.0001    0.0002    0.0010    0.9986   94
       -------   -------   -------   -------   -------   -------   -------   -------   -------   ------- 
  95    0.0000    0.0000    0.0000    0.0000    0.0000    0.0001    0.0001    0.0002    0.0010    0.9986   95
  96    0.0000    0.0000    0.0000    0.0000    0.0000    0.0000    0.0001    0.0003    0.0011    0.9984   96
  97    0.0000    0.0000    0.0000    0.0000    0.0000    0.0000    0.0001    0.0002    0.0010    0.9986   97
  98    0.0000    0.0000    0.0000    0.0000    0.0000    0.0000    0.0001    0.0002    0.0010    0.9986   98
  99    0.0000    0.0000    0.0000    0.0000    0.0000    0.0000    0.0001    0.0002    0.0009    0.9987   99
       -------   -------   -------   -------   -------   -------   -------   -------   -------   ------- 
