Overall wireset performance: 184685_fnoise_U.pib_exp3a_performance.txt
-----------------------------------------------------------------------
True Positive:         825181
False Positive:        264184
True Negative:       21255295
False Negative:        695340
Recall (TPR):          0.5427
Specificity (TNR):     0.9877
Precision:             0.7575
Accuracy:              0.9584
F1 Score:              0.6324

            True       False        True       False      Recall Specificity 
        positive    positive    negative    negative       (TPR)       (TNR)   Precision    Accuracy    F1 Score 
     ----------- ----------- ----------- ----------- ----------- ----------- ----------- ----------- ----------- 
   0        8352        2647      212578        6823      0.5504      0.9877      0.7593      0.9589      0.6382    0
   1        8399        2711      212478        6812      0.5522      0.9874      0.7560      0.9587      0.6382    1
   2        8373        2731      212450        6846      0.5502      0.9873      0.7541      0.9584      0.6362    2
   3        8365        2693      212492        6850      0.5498      0.9875      0.7565      0.9586      0.6368    3
   4        8356        2682      212515        6847      0.5496      0.9875      0.7570      0.9586      0.6369    4
     ----------- ----------- ----------- ----------- ----------- ----------- ----------- ----------- ----------- 
   5        8313        2635      212586        6866      0.5477      0.9878      0.7593      0.9588      0.6364    5
   6        8282        2630      212619        6869      0.5466      0.9878      0.7590      0.9588      0.6355    6
   7        8272        2617      212642        6869      0.5463      0.9878      0.7597      0.9588      0.6356    7
   8        8275        2629      212629        6867      0.5465      0.9878      0.7589      0.9588      0.6354    8
   9        8293        2661      212596        6850      0.5476      0.9876      0.7571      0.9587      0.6356    9
     ----------- ----------- ----------- ----------- ----------- ----------- ----------- ----------- ----------- 
  10        8310        2674      212605        6811      0.5496      0.9876      0.7566      0.9588      0.6367   10
  11        8367        2683      212597        6753      0.5534      0.9875      0.7572      0.9590      0.6394   11
  12        8344        2706      212544        6806      0.5508      0.9874      0.7551      0.9587      0.6369   12
  13        8360        2659      212573        6808      0.5512      0.9876      0.7587      0.9589      0.6385   13
  14        8364        2708      212540        6788      0.5520      0.9874      0.7554      0.9588      0.6379   14
     ----------- ----------- ----------- ----------- ----------- ----------- ----------- ----------- ----------- 
  15        8361        2745      212498        6796      0.5516      0.9872      0.7528      0.9586      0.6367   15
  16        8388        2759      212459        6794      0.5525      0.9872      0.7525      0.9585      0.6372   16
  17        8385        2761      212449        6805      0.5520      0.9872      0.7523      0.9585      0.6368   17
  18        8311        2757      212447        6885      0.5469      0.9872      0.7509      0.9582      0.6329   18
  19        8317        2704      212482        6897      0.5467      0.9874      0.7547      0.9583      0.6340   19
     ----------- ----------- ----------- ----------- ----------- ----------- ----------- ----------- ----------- 
  20        8290        2730      212493        6887      0.5462      0.9873      0.7523      0.9583      0.6329   20
  21        8239        2749      212477        6935      0.5430      0.9872      0.7498      0.9580      0.6298   21
  22        8211        2760      212485        6944      0.5418      0.9872      0.7484      0.9579      0.6286   22
  23        8199        2730      212492        6979      0.5402      0.9873      0.7502      0.9579      0.6281   23
  24        8194        2668      212542        6996      0.5394      0.9876      0.7544      0.9581      0.6290   24
     ----------- ----------- ----------- ----------- ----------- ----------- ----------- ----------- ----------- 
  25        8237        2650      212518        6995      0.5408      0.9877      0.7566      0.9581      0.6307   25
  26        8209        2654      212506        7031      0.5386      0.9877      0.7557      0.9580      0.6290   26
  27        8188        2629      212545        7038      0.5378      0.9878      0.7570      0.9580      0.6288   27
  28        8184        2579      212583        7054      0.5371      0.9880      0.7604      0.9582      0.6295   28
  29        8177        2596      212560        7067      0.5364      0.9879      0.7590      0.9581      0.6286   29
     ----------- ----------- ----------- ----------- ----------- ----------- ----------- ----------- ----------- 
  30        8205        2568      212605        7022      0.5388      0.9881      0.7616      0.9584      0.6312   30
  31        8181        2626      212556        7037      0.5376      0.9878      0.7570      0.9581      0.6287   31
  32        8181        2629      212571        7019      0.5382      0.9878      0.7568      0.9581      0.6291   32
  33        8196        2649      212535        7020      0.5386      0.9877      0.7557      0.9580      0.6290   33
  34        8201        2627      212571        7001      0.5395      0.9878      0.7574      0.9582      0.6301   34
     ----------- ----------- ----------- ----------- ----------- ----------- ----------- ----------- ----------- 
  35        8217        2639      212554        6990      0.5403      0.9877      0.7569      0.9582      0.6305   35
  36        8182        2697      212504        7017      0.5383      0.9875      0.7521      0.9578      0.6275   36
  37        8160        2678      212543        7019      0.5376      0.9876      0.7529      0.9579      0.6273   37
  38        8122        2710      212493        7075      0.5344      0.9874      0.7498      0.9575      0.6241   38
  39        8098        2741      212449        7112      0.5324      0.9873      0.7471      0.9572      0.6218   39
     ----------- ----------- ----------- ----------- ----------- ----------- ----------- ----------- ----------- 
  40        8093        2726      212476        7105      0.5325      0.9873      0.7480      0.9573      0.6221   40
  41        8099        2710      212482        7109      0.5325      0.9874      0.7493      0.9574      0.6226   41
  42        8099        2703      212500        7098      0.5329      0.9874      0.7498      0.9575      0.6230   42
  43        8136        2647      212561        7056      0.5355      0.9877      0.7545      0.9579      0.6264   43
  44        8147        2646      212534        7073      0.5353      0.9877      0.7548      0.9578      0.6264   44
     ----------- ----------- ----------- ----------- ----------- ----------- ----------- ----------- ----------- 
  45        8156        2634      212530        7080      0.5353      0.9878      0.7559      0.9578      0.6268   45
  46        8139        2612      212541        7108      0.5338      0.9879      0.7570      0.9578      0.6261   46
  47        8138        2644      212524        7094      0.5343      0.9877      0.7548      0.9577      0.6257   47
  48        8109        2658      212541        7092      0.5335      0.9876      0.7531      0.9577      0.6245   48
  49        8074        2637      212576        7113      0.5316      0.9877      0.7538      0.9577      0.6235   49
     ----------- ----------- ----------- ----------- ----------- ----------- ----------- ----------- ----------- 
  50        8107        2619      212574        7100      0.5331      0.9878      0.7558      0.9578      0.6252   50
  51        8120        2634      212543        7103      0.5334      0.9878      0.7551      0.9577      0.6252   51
  52        8102        2591      212590        7117      0.5324      0.9880      0.7577      0.9579      0.6253   52
  53        8068        2554      212645        7133      0.5308      0.9881      0.7596      0.9580      0.6249   53
  54        8057        2547      212655        7141      0.5301      0.9882      0.7598      0.9580      0.6245   54
     ----------- ----------- ----------- ----------- ----------- ----------- ----------- ----------- ----------- 
  55        8099        2609      212638        7054      0.5345      0.9879      0.7564      0.9581      0.6263   55
  56        8112        2614      212634        7040      0.5354      0.9879      0.7563      0.9581      0.6269   56
  57        8110        2652      212588        7050      0.5350      0.9877      0.7536      0.9579      0.6257   57
  58        8154        2659      212590        6997      0.5382      0.9876      0.7541      0.9581      0.6281   58
  59        8138        2604      212652        7006      0.5374      0.9879      0.7576      0.9583      0.6288   59
     ----------- ----------- ----------- ----------- ----------- ----------- ----------- ----------- ----------- 
  60        8123        2619      212642        7016      0.5366      0.9878      0.7562      0.9582      0.6277   60
  61        8133        2650      212600        7017      0.5368      0.9877      0.7542      0.9580      0.6272   61
  62        8180        2608      212666        6946      0.5408      0.9879      0.7582      0.9585      0.6313   62
  63        8153        2599      212664        6984      0.5386      0.9879      0.7583      0.9584      0.6298   63
  64        8179        2676      212591        6954      0.5405      0.9876      0.7535      0.9582      0.6294   64
     ----------- ----------- ----------- ----------- ----------- ----------- ----------- ----------- ----------- 
  65        8174        2649      212608        6969      0.5398      0.9877      0.7552      0.9583      0.6296   65
  66        8179        2600      212632        6989      0.5392      0.9879      0.7588      0.9584      0.6304   66
  67        8215        2624      212595        6966      0.5411      0.9878      0.7579      0.9584      0.6314   67
  68        8218        2596      212589        6997      0.5401      0.9879      0.7599      0.9584      0.6314   68
  69        8232        2590      212592        6986      0.5409      0.9880      0.7607      0.9584      0.6323   69
     ----------- ----------- ----------- ----------- ----------- ----------- ----------- ----------- ----------- 
  70        8177        2568      212634        7021      0.5380      0.9881      0.7610      0.9584      0.6304   70
  71        8166        2562      212622        7050      0.5367      0.9881      0.7612      0.9583      0.6295   71
  72        8185        2641      212542        7032      0.5379      0.9877      0.7561      0.9580      0.6286   72
  73        8236        2681      212494        6989      0.5410      0.9875      0.7544      0.9580      0.6301   73
  74        8254        2711      212477        6958      0.5426      0.9874      0.7528      0.9580      0.6306   74
     ----------- ----------- ----------- ----------- ----------- ----------- ----------- ----------- ----------- 
  75        8275        2691      212483        6951      0.5435      0.9875      0.7546      0.9582      0.6319   75
  76        8292        2622      212569        6917      0.5452      0.9878      0.7598      0.9586      0.6348   76
  77        8303        2652      212546        6899      0.5462      0.9877      0.7579      0.9585      0.6349   77
  78        8296        2628      212564        6912      0.5455      0.9878      0.7594      0.9586      0.6349   78
  79        8354        2599      212582        6865      0.5489      0.9879      0.7627      0.9589      0.6384   79
     ----------- ----------- ----------- ----------- ----------- ----------- ----------- ----------- ----------- 
  80        8360        2599      212576        6865      0.5491      0.9879      0.7628      0.9589      0.6386   80
  81        8340        2622      212549        6889      0.5476      0.9878      0.7608      0.9587      0.6369   81
  82        8366        2592      212579        6863      0.5493      0.9880      0.7635      0.9590      0.6389   82
  83        8324        2584      212578        6914      0.5463      0.9880      0.7631      0.9588      0.6367   83
  84        8342        2572      212583        6903      0.5472      0.9880      0.7643      0.9589      0.6378   84
     ----------- ----------- ----------- ----------- ----------- ----------- ----------- ----------- ----------- 
  85        8348        2578      212555        6919      0.5468      0.9880      0.7640      0.9588      0.6374   85
  86        8367        2588      212544        6901      0.5480      0.9880      0.7638      0.9588      0.6381   86
  87        8390        2589      212528        6893      0.5490      0.9880      0.7642      0.9588      0.6389   87
  88        8415        2553      212562        6870      0.5505      0.9881      0.7672      0.9591      0.6411   88
  89        8417        2519      212593        6871      0.5506      0.9883      0.7697      0.9592      0.6419   89
     ----------- ----------- ----------- ----------- ----------- ----------- ----------- ----------- ----------- 
  90        8395        2547      212564        6894      0.5491      0.9882      0.7672      0.9590      0.6401   90
  91        8433        2533      212574        6860      0.5514      0.9882      0.7690      0.9592      0.6423   91
  92        8442        2541      212573        6844      0.5523      0.9882      0.7686      0.9593      0.6427   92
  93        8435        2560      212563        6842      0.5521      0.9881      0.7672      0.9592      0.6421   93
  94        8411        2583      212556        6850      0.5511      0.9880      0.7651      0.9591      0.6407   94
     ----------- ----------- ----------- ----------- ----------- ----------- ----------- ----------- ----------- 
  95        8397        2619      212520        6864      0.5502      0.9878      0.7623      0.9588      0.6391   95
  96        8431        2655      212505        6809      0.5532      0.9877      0.7605      0.9589      0.6405   96
  97        8424        2643      212497        6836      0.5520      0.9877      0.7612      0.9589      0.6400   97
  98        8446        2656      212449        6849      0.5522      0.9877      0.7608      0.9587      0.6399   98
  99        8459        2684      212420        6837      0.5530      0.9875      0.7591      0.9587      0.6399   99
     ----------- ----------- ----------- ----------- ----------- ----------- ----------- ----------- ----------- 

Probability Distribution (Signal)
        <0.10     <0.20     <0.30     <0.40     <0.50     <0.60     <0.70     <0.80     <0.90     <1.00  
       -------   -------   -------   -------   -------   -------   -------   -------   -------   ------- 
   0    0.3305    0.0355    0.0331    0.0267    0.0239    0.0200    0.0232    0.0235    0.0336    0.4501    0
   1    0.3290    0.0381    0.0316    0.0273    0.0218    0.0214    0.0212    0.0257    0.0353    0.4486    1
   2    0.3279    0.0395    0.0332    0.0273    0.0219    0.0205    0.0214    0.0272    0.0324    0.4486    2
   3    0.3288    0.0375    0.0321    0.0294    0.0223    0.0218    0.0227    0.0252    0.0353    0.4449    3
   4    0.3283    0.0387    0.0324    0.0293    0.0216    0.0229    0.0206    0.0267    0.0361    0.4433    4
       -------   -------   -------   -------   -------   -------   -------   -------   -------   ------- 
   5    0.3286    0.0384    0.0329    0.0294    0.0230    0.0213    0.0218    0.0261    0.0335    0.4449    5
   6    0.3286    0.0409    0.0308    0.0315    0.0215    0.0214    0.0203    0.0245    0.0334    0.4470    6
   7    0.3279    0.0420    0.0343    0.0281    0.0213    0.0207    0.0217    0.0250    0.0345    0.4445    7
   8    0.3306    0.0413    0.0302    0.0278    0.0236    0.0220    0.0199    0.0236    0.0345    0.4465    8
   9    0.3321    0.0380    0.0346    0.0258    0.0218    0.0210    0.0204    0.0231    0.0365    0.4467    9
       -------   -------   -------   -------   -------   -------   -------   -------   -------   ------- 
  10    0.3302    0.0392    0.0309    0.0257    0.0245    0.0212    0.0215    0.0220    0.0341    0.4508   10
  11    0.3279    0.0374    0.0302    0.0278    0.0233    0.0217    0.0224    0.0228    0.0354    0.4511   11
  12    0.3307    0.0362    0.0316    0.0276    0.0232    0.0215    0.0211    0.0251    0.0320    0.4512   12
  13    0.3294    0.0376    0.0326    0.0278    0.0214    0.0225    0.0201    0.0231    0.0316    0.4539   13
  14    0.3309    0.0396    0.0292    0.0263    0.0219    0.0211    0.0192    0.0257    0.0331    0.4529   14
       -------   -------   -------   -------   -------   -------   -------   -------   -------   ------- 
  15    0.3327    0.0364    0.0307    0.0261    0.0224    0.0199    0.0207    0.0241    0.0341    0.4529   15
  16    0.3346    0.0352    0.0303    0.0265    0.0209    0.0206    0.0204    0.0240    0.0340    0.4535   16
  17    0.3349    0.0361    0.0314    0.0254    0.0202    0.0204    0.0234    0.0246    0.0329    0.4508   17
  18    0.3321    0.0373    0.0332    0.0268    0.0237    0.0212    0.0217    0.0213    0.0336    0.4491   18
  19    0.3332    0.0377    0.0340    0.0254    0.0231    0.0231    0.0213    0.0235    0.0335    0.4453   19
       -------   -------   -------   -------   -------   -------   -------   -------   -------   ------- 
  20    0.3315    0.0392    0.0333    0.0270    0.0227    0.0240    0.0212    0.0235    0.0305    0.4471   20
  21    0.3346    0.0384    0.0320    0.0285    0.0235    0.0232    0.0216    0.0222    0.0333    0.4427   21
  22    0.3351    0.0383    0.0338    0.0274    0.0236    0.0216    0.0205    0.0240    0.0346    0.4410   22
  23    0.3368    0.0386    0.0332    0.0295    0.0217    0.0206    0.0223    0.0235    0.0301    0.4437   23
  24    0.3381    0.0407    0.0334    0.0267    0.0217    0.0219    0.0192    0.0241    0.0314    0.4429   24
       -------   -------   -------   -------   -------   -------   -------   -------   -------   ------- 
  25    0.3416    0.0373    0.0315    0.0273    0.0215    0.0223    0.0227    0.0240    0.0310    0.4408   25
  26    0.3408    0.0387    0.0335    0.0268    0.0215    0.0214    0.0205    0.0256    0.0341    0.4371   26
  27    0.3417    0.0377    0.0322    0.0291    0.0215    0.0223    0.0207    0.0246    0.0335    0.4366   27
  28    0.3407    0.0392    0.0345    0.0263    0.0222    0.0226    0.0208    0.0251    0.0331    0.4355   28
  29    0.3388    0.0403    0.0340    0.0281    0.0224    0.0205    0.0208    0.0264    0.0335    0.4353   29
       -------   -------   -------   -------   -------   -------   -------   -------   -------   ------- 
  30    0.3384    0.0389    0.0339    0.0261    0.0238    0.0223    0.0236    0.0240    0.0321    0.4369   30
  31    0.3398    0.0415    0.0298    0.0281    0.0233    0.0216    0.0231    0.0227    0.0350    0.4351   31
  32    0.3405    0.0409    0.0305    0.0264    0.0236    0.0220    0.0216    0.0256    0.0334    0.4357   32
  33    0.3412    0.0397    0.0299    0.0260    0.0246    0.0220    0.0218    0.0230    0.0326    0.4393   33
  34    0.3425    0.0374    0.0326    0.0269    0.0211    0.0212    0.0222    0.0250    0.0360    0.4350   34
       -------   -------   -------   -------   -------   -------   -------   -------   -------   ------- 
  35    0.3433    0.0380    0.0314    0.0249    0.0221    0.0231    0.0226    0.0225    0.0343    0.4379   35
  36    0.3422    0.0403    0.0311    0.0270    0.0211    0.0226    0.0211    0.0226    0.0346    0.4374   36
  37    0.3438    0.0383    0.0300    0.0280    0.0223    0.0221    0.0208    0.0240    0.0328    0.4379   37
  38    0.3457    0.0357    0.0320    0.0284    0.0238    0.0240    0.0204    0.0206    0.0338    0.4357   38
  39    0.3449    0.0373    0.0326    0.0300    0.0228    0.0234    0.0193    0.0225    0.0334    0.4338   39
       -------   -------   -------   -------   -------   -------   -------   -------   -------   ------- 
  40    0.3449    0.0409    0.0322    0.0266    0.0228    0.0204    0.0230    0.0253    0.0301    0.4336   40
  41    0.3451    0.0393    0.0329    0.0270    0.0231    0.0207    0.0219    0.0241    0.0346    0.4313   41
  42    0.3438    0.0401    0.0343    0.0263    0.0226    0.0217    0.0210    0.0245    0.0336    0.4321   42
  43    0.3454    0.0376    0.0340    0.0267    0.0207    0.0226    0.0227    0.0243    0.0350    0.4310   43
  44    0.3471    0.0383    0.0298    0.0273    0.0222    0.0219    0.0233    0.0214    0.0359    0.4329   44
       -------   -------   -------   -------   -------   -------   -------   -------   -------   ------- 
  45    0.3460    0.0391    0.0301    0.0276    0.0219    0.0219    0.0219    0.0241    0.0349    0.4325   45
  46    0.3465    0.0382    0.0319    0.0287    0.0209    0.0219    0.0228    0.0249    0.0343    0.4300   46
  47    0.3468    0.0376    0.0315    0.0289    0.0209    0.0232    0.0221    0.0257    0.0335    0.4298   47
  48    0.3462    0.0389    0.0312    0.0287    0.0214    0.0234    0.0212    0.0240    0.0334    0.4314   48
  49    0.3473    0.0388    0.0334    0.0288    0.0200    0.0204    0.0207    0.0247    0.0325    0.4333   49
       -------   -------   -------   -------   -------   -------   -------   -------   -------   ------- 
  50    0.3474    0.0397    0.0324    0.0261    0.0214    0.0212    0.0210    0.0235    0.0337    0.4337   50
  51    0.3490    0.0393    0.0316    0.0242    0.0224    0.0221    0.0210    0.0257    0.0327    0.4318   51
  52    0.3476    0.0393    0.0317    0.0270    0.0220    0.0219    0.0203    0.0254    0.0324    0.4324   52
  53    0.3466    0.0393    0.0337    0.0269    0.0227    0.0211    0.0223    0.0230    0.0314    0.4330   53
  54    0.3458    0.0401    0.0322    0.0289    0.0228    0.0220    0.0197    0.0234    0.0320    0.4330   54
       -------   -------   -------   -------   -------   -------   -------   -------   -------   ------- 
  55    0.3452    0.0375    0.0337    0.0282    0.0210    0.0223    0.0218    0.0235    0.0338    0.4331   55
  56    0.3444    0.0391    0.0335    0.0273    0.0203    0.0216    0.0232    0.0234    0.0324    0.4349   56
  57    0.3432    0.0396    0.0330    0.0279    0.0213    0.0192    0.0236    0.0257    0.0334    0.4330   57
  58    0.3441    0.0388    0.0315    0.0266    0.0208    0.0224    0.0222    0.0261    0.0348    0.4327   58
  59    0.3429    0.0400    0.0305    0.0274    0.0218    0.0229    0.0224    0.0250    0.0344    0.4327   59
       -------   -------   -------   -------   -------   -------   -------   -------   -------   ------- 
  60    0.3426    0.0380    0.0320    0.0270    0.0238    0.0205    0.0224    0.0234    0.0345    0.4358   60
  61    0.3395    0.0421    0.0314    0.0273    0.0229    0.0214    0.0222    0.0246    0.0336    0.4350   61
  62    0.3369    0.0393    0.0321    0.0282    0.0226    0.0233    0.0231    0.0256    0.0348    0.4340   62
  63    0.3388    0.0375    0.0327    0.0293    0.0231    0.0223    0.0204    0.0267    0.0349    0.4342   63
  64    0.3399    0.0372    0.0320    0.0266    0.0239    0.0222    0.0212    0.0258    0.0344    0.4369   64
       -------   -------   -------   -------   -------   -------   -------   -------   -------   ------- 
  65    0.3375    0.0419    0.0308    0.0277    0.0223    0.0217    0.0192    0.0255    0.0340    0.4394   65
  66    0.3379    0.0396    0.0311    0.0289    0.0233    0.0196    0.0228    0.0254    0.0333    0.4381   66
  67    0.3386    0.0366    0.0350    0.0262    0.0225    0.0211    0.0231    0.0255    0.0327    0.4387   67
  68    0.3391    0.0390    0.0340    0.0264    0.0213    0.0234    0.0220    0.0237    0.0339    0.4371   68
  69    0.3386    0.0379    0.0341    0.0264    0.0220    0.0239    0.0229    0.0243    0.0344    0.4355   69
       -------   -------   -------   -------   -------   -------   -------   -------   -------   ------- 
  70    0.3365    0.0384    0.0330    0.0298    0.0243    0.0218    0.0200    0.0234    0.0355    0.4374   70
  71    0.3369    0.0410    0.0331    0.0281    0.0243    0.0208    0.0211    0.0244    0.0323    0.4381   71
  72    0.3372    0.0397    0.0315    0.0272    0.0265    0.0228    0.0223    0.0237    0.0327    0.4363   72
  73    0.3359    0.0376    0.0322    0.0311    0.0222    0.0241    0.0217    0.0252    0.0326    0.4373   73
  74    0.3345    0.0381    0.0333    0.0273    0.0243    0.0225    0.0230    0.0245    0.0341    0.4385   74
       -------   -------   -------   -------   -------   -------   -------   -------   -------   ------- 
  75    0.3342    0.0398    0.0310    0.0282    0.0233    0.0212    0.0245    0.0252    0.0334    0.4392   75
  76    0.3357    0.0381    0.0312    0.0284    0.0214    0.0230    0.0198    0.0258    0.0346    0.4420   76
  77    0.3342    0.0387    0.0327    0.0270    0.0213    0.0224    0.0233    0.0243    0.0350    0.4413   77
  78    0.3334    0.0375    0.0314    0.0297    0.0225    0.0220    0.0226    0.0257    0.0336    0.4417   78
  79    0.3329    0.0380    0.0319    0.0275    0.0207    0.0219    0.0238    0.0289    0.0321    0.4422   79
       -------   -------   -------   -------   -------   -------   -------   -------   -------   ------- 
  80    0.3314    0.0402    0.0307    0.0268    0.0218    0.0216    0.0233    0.0282    0.0322    0.4437   80
  81    0.3316    0.0412    0.0303    0.0256    0.0236    0.0211    0.0219    0.0292    0.0345    0.4409   81
  82    0.3334    0.0354    0.0324    0.0253    0.0242    0.0255    0.0227    0.0253    0.0343    0.4416   82
  83    0.3341    0.0370    0.0321    0.0261    0.0244    0.0234    0.0211    0.0258    0.0321    0.4438   83
  84    0.3322    0.0393    0.0328    0.0270    0.0214    0.0236    0.0214    0.0234    0.0314    0.4475   84
       -------   -------   -------   -------   -------   -------   -------   -------   -------   ------- 
  85    0.3308    0.0401    0.0326    0.0302    0.0195    0.0210    0.0219    0.0250    0.0330    0.4459   85
  86    0.3319    0.0381    0.0322    0.0291    0.0206    0.0210    0.0221    0.0272    0.0330    0.4448   86
  87    0.3334    0.0382    0.0311    0.0268    0.0215    0.0220    0.0236    0.0253    0.0340    0.4441   87
  88    0.3306    0.0385    0.0326    0.0257    0.0220    0.0234    0.0226    0.0266    0.0325    0.4453   88
  89    0.3310    0.0385    0.0319    0.0268    0.0211    0.0217    0.0232    0.0262    0.0351    0.4444   89
       -------   -------   -------   -------   -------   -------   -------   -------   -------   ------- 
  90    0.3331    0.0353    0.0334    0.0273    0.0218    0.0207    0.0204    0.0275    0.0332    0.4473   90
  91    0.3334    0.0364    0.0305    0.0258    0.0225    0.0224    0.0221    0.0241    0.0326    0.4502   91
  92    0.3330    0.0373    0.0294    0.0256    0.0224    0.0222    0.0211    0.0258    0.0310    0.4522   92
  93    0.3339    0.0363    0.0300    0.0263    0.0213    0.0208    0.0231    0.0244    0.0338    0.4501   93
  94    0.3315    0.0372    0.0313    0.0271    0.0218    0.0217    0.0200    0.0262    0.0323    0.4510   94
       -------   -------   -------   -------   -------   -------   -------   -------   -------   ------- 
  95    0.3279    0.0393    0.0332    0.0269    0.0225    0.0212    0.0211    0.0238    0.0342    0.4500   95
  96    0.3266    0.0389    0.0334    0.0270    0.0208    0.0238    0.0219    0.0245    0.0335    0.4495   96
  97    0.3267    0.0407    0.0307    0.0269    0.0230    0.0223    0.0204    0.0240    0.0341    0.4511   97
  98    0.3272    0.0388    0.0339    0.0254    0.0224    0.0237    0.0209    0.0245    0.0340    0.4491   98
  99    0.3296    0.0365    0.0327    0.0256    0.0226    0.0237    0.0217    0.0245    0.0342    0.4489   99
       -------   -------   -------   -------   -------   -------   -------   -------   -------   ------- 

Probability Distribution (Noise)
        <0.10     <0.20     <0.30     <0.40     <0.50     <0.60     <0.70     <0.80     <0.90     <1.00  
       -------   -------   -------   -------   -------   -------   -------   -------   -------   ------- 
   0    0.0034    0.0018    0.0021    0.0022    0.0027    0.0034    0.0049    0.0079    0.0115    0.9599    0
   1    0.0033    0.0018    0.0023    0.0021    0.0031    0.0035    0.0050    0.0076    0.0118    0.9595    1
   2    0.0033    0.0019    0.0025    0.0022    0.0029    0.0035    0.0049    0.0075    0.0119    0.9595    2
   3    0.0035    0.0018    0.0023    0.0022    0.0027    0.0035    0.0050    0.0080    0.0116    0.9594    3
   4    0.0036    0.0017    0.0024    0.0021    0.0027    0.0032    0.0053    0.0079    0.0119    0.9593    4
       -------   -------   -------   -------   -------   -------   -------   -------   -------   ------- 
   5    0.0036    0.0018    0.0022    0.0019    0.0027    0.0033    0.0052    0.0080    0.0120    0.9593    5
   6    0.0035    0.0019    0.0023    0.0021    0.0025    0.0033    0.0050    0.0077    0.0125    0.9593    6
   7    0.0036    0.0017    0.0024    0.0020    0.0025    0.0031    0.0051    0.0078    0.0125    0.9593    7
   8    0.0037    0.0016    0.0023    0.0021    0.0026    0.0034    0.0052    0.0074    0.0122    0.9595    8
   9    0.0037    0.0017    0.0022    0.0021    0.0027    0.0033    0.0053    0.0075    0.0121    0.9595    9
       -------   -------   -------   -------   -------   -------   -------   -------   -------   ------- 
  10    0.0037    0.0018    0.0024    0.0020    0.0025    0.0034    0.0051    0.0078    0.0116    0.9597   10
  11    0.0038    0.0018    0.0022    0.0020    0.0026    0.0034    0.0052    0.0077    0.0118    0.9595   11
  12    0.0038    0.0018    0.0021    0.0021    0.0028    0.0034    0.0052    0.0076    0.0120    0.9592   12
  13    0.0037    0.0018    0.0023    0.0021    0.0026    0.0036    0.0054    0.0073    0.0119    0.9595   13
  14    0.0037    0.0017    0.0023    0.0021    0.0027    0.0036    0.0050    0.0078    0.0117    0.9593   14
       -------   -------   -------   -------   -------   -------   -------   -------   -------   ------- 
  15    0.0036    0.0018    0.0024    0.0020    0.0029    0.0035    0.0050    0.0076    0.0117    0.9594   15
  16    0.0036    0.0019    0.0024    0.0021    0.0028    0.0033    0.0051    0.0077    0.0116    0.9595   16
  17    0.0037    0.0019    0.0023    0.0021    0.0029    0.0032    0.0052    0.0074    0.0118    0.9596   17
  18    0.0036    0.0018    0.0022    0.0023    0.0028    0.0032    0.0051    0.0075    0.0119    0.9595   18
  19    0.0037    0.0018    0.0023    0.0021    0.0027    0.0034    0.0051    0.0080    0.0116    0.9593   19
       -------   -------   -------   -------   -------   -------   -------   -------   -------   ------- 
  20    0.0037    0.0019    0.0022    0.0021    0.0027    0.0033    0.0051    0.0078    0.0117    0.9593   20
  21    0.0037    0.0019    0.0023    0.0021    0.0028    0.0033    0.0048    0.0075    0.0122    0.9594   21
  22    0.0038    0.0018    0.0023    0.0021    0.0028    0.0033    0.0048    0.0073    0.0122    0.9595   22
  23    0.0036    0.0019    0.0023    0.0021    0.0028    0.0036    0.0047    0.0074    0.0115    0.9601   23
  24    0.0036    0.0019    0.0024    0.0021    0.0026    0.0035    0.0049    0.0074    0.0114    0.9604   24
       -------   -------   -------   -------   -------   -------   -------   -------   -------   ------- 
  25    0.0035    0.0019    0.0021    0.0020    0.0027    0.0034    0.0049    0.0074    0.0115    0.9604   25
  26    0.0036    0.0018    0.0022    0.0021    0.0027    0.0031    0.0049    0.0075    0.0114    0.9607   26
  27    0.0036    0.0016    0.0022    0.0021    0.0027    0.0030    0.0051    0.0074    0.0115    0.9607   27
  28    0.0036    0.0017    0.0021    0.0021    0.0025    0.0034    0.0049    0.0076    0.0116    0.9605   28
  29    0.0035    0.0020    0.0021    0.0019    0.0027    0.0033    0.0050    0.0075    0.0117    0.9605   29
       -------   -------   -------   -------   -------   -------   -------   -------   -------   ------- 
  30    0.0035    0.0019    0.0020    0.0019    0.0025    0.0034    0.0050    0.0077    0.0114    0.9605   30
  31    0.0036    0.0018    0.0021    0.0021    0.0026    0.0032    0.0049    0.0073    0.0118    0.9606   31
  32    0.0036    0.0018    0.0022    0.0021    0.0025    0.0033    0.0049    0.0073    0.0116    0.9607   32
  33    0.0035    0.0019    0.0022    0.0020    0.0028    0.0032    0.0047    0.0073    0.0115    0.9609   33
  34    0.0035    0.0018    0.0022    0.0021    0.0025    0.0032    0.0049    0.0075    0.0114    0.9608   34
       -------   -------   -------   -------   -------   -------   -------   -------   -------   ------- 
  35    0.0036    0.0018    0.0022    0.0021    0.0026    0.0035    0.0048    0.0072    0.0115    0.9607   35
  36    0.0035    0.0019    0.0023    0.0021    0.0027    0.0031    0.0049    0.0079    0.0110    0.9605   36
  37    0.0035    0.0019    0.0024    0.0022    0.0025    0.0036    0.0052    0.0076    0.0112    0.9599   37
  38    0.0035    0.0018    0.0023    0.0023    0.0027    0.0035    0.0051    0.0076    0.0116    0.9597   38
  39    0.0036    0.0017    0.0022    0.0023    0.0029    0.0034    0.0049    0.0075    0.0117    0.9597   39
       -------   -------   -------   -------   -------   -------   -------   -------   -------   ------- 
  40    0.0036    0.0018    0.0023    0.0020    0.0030    0.0034    0.0051    0.0075    0.0118    0.9596   40
  41    0.0035    0.0019    0.0022    0.0024    0.0026    0.0036    0.0048    0.0076    0.0118    0.9596   41
  42    0.0036    0.0018    0.0023    0.0022    0.0026    0.0035    0.0046    0.0078    0.0115    0.9600   42
  43    0.0036    0.0019    0.0022    0.0021    0.0025    0.0035    0.0049    0.0075    0.0117    0.9601   43
  44    0.0035    0.0019    0.0021    0.0020    0.0028    0.0034    0.0049    0.0076    0.0120    0.9598   44
       -------   -------   -------   -------   -------   -------   -------   -------   -------   ------- 
  45    0.0036    0.0017    0.0022    0.0020    0.0027    0.0034    0.0049    0.0075    0.0116    0.9603   45
  46    0.0035    0.0017    0.0022    0.0021    0.0026    0.0034    0.0050    0.0072    0.0116    0.9606   46
  47    0.0035    0.0018    0.0022    0.0021    0.0028    0.0033    0.0048    0.0072    0.0118    0.9605   47
  48    0.0034    0.0018    0.0023    0.0022    0.0027    0.0032    0.0049    0.0075    0.0114    0.9606   48
  49    0.0034    0.0018    0.0022    0.0020    0.0028    0.0033    0.0050    0.0074    0.0118    0.9604   49
       -------   -------   -------   -------   -------   -------   -------   -------   -------   ------- 
  50    0.0034    0.0017    0.0023    0.0021    0.0026    0.0034    0.0050    0.0072    0.0116    0.9606   50
  51    0.0035    0.0015    0.0022    0.0023    0.0028    0.0033    0.0049    0.0074    0.0116    0.9604   51
  52    0.0035    0.0015    0.0021    0.0023    0.0028    0.0034    0.0051    0.0076    0.0112    0.9606   52
  53    0.0034    0.0016    0.0022    0.0021    0.0025    0.0034    0.0050    0.0079    0.0113    0.9606   53
  54    0.0035    0.0017    0.0022    0.0019    0.0026    0.0035    0.0050    0.0076    0.0119    0.9602   54
       -------   -------   -------   -------   -------   -------   -------   -------   -------   ------- 
  55    0.0034    0.0017    0.0021    0.0022    0.0027    0.0034    0.0048    0.0078    0.0115    0.9603   55
  56    0.0035    0.0018    0.0021    0.0023    0.0025    0.0033    0.0050    0.0074    0.0118    0.9603   56
  57    0.0035    0.0019    0.0023    0.0020    0.0027    0.0033    0.0048    0.0073    0.0119    0.9605   57
  58    0.0035    0.0019    0.0022    0.0021    0.0027    0.0033    0.0050    0.0074    0.0117    0.9603   58
  59    0.0034    0.0018    0.0023    0.0020    0.0026    0.0036    0.0050    0.0075    0.0114    0.9603   59
       -------   -------   -------   -------   -------   -------   -------   -------   -------   ------- 
  60    0.0036    0.0016    0.0022    0.0021    0.0026    0.0034    0.0050    0.0077    0.0113    0.9604   60
  61    0.0035    0.0018    0.0022    0.0021    0.0028    0.0032    0.0050    0.0078    0.0113    0.9604   61
  62    0.0034    0.0018    0.0023    0.0021    0.0024    0.0032    0.0050    0.0078    0.0115    0.9604   62
  63    0.0035    0.0018    0.0022    0.0020    0.0026    0.0034    0.0051    0.0076    0.0114    0.9604   63
  64    0.0035    0.0016    0.0021    0.0022    0.0029    0.0032    0.0050    0.0075    0.0118    0.9600   64
       -------   -------   -------   -------   -------   -------   -------   -------   -------   ------- 
  65    0.0035    0.0018    0.0022    0.0022    0.0027    0.0033    0.0051    0.0077    0.0115    0.9601   65
  66    0.0035    0.0019    0.0021    0.0020    0.0026    0.0036    0.0050    0.0076    0.0113    0.9604   66
  67    0.0035    0.0018    0.0022    0.0020    0.0027    0.0033    0.0050    0.0075    0.0114    0.9607   67
  68    0.0034    0.0018    0.0021    0.0021    0.0026    0.0032    0.0053    0.0073    0.0115    0.9606   68
  69    0.0034    0.0018    0.0021    0.0020    0.0027    0.0032    0.0049    0.0077    0.0117    0.9605   69
       -------   -------   -------   -------   -------   -------   -------   -------   -------   ------- 
  70    0.0035    0.0018    0.0021    0.0019    0.0026    0.0034    0.0050    0.0076    0.0118    0.9603   70
  71    0.0034    0.0019    0.0021    0.0020    0.0025    0.0035    0.0049    0.0078    0.0118    0.9602   71
  72    0.0034    0.0017    0.0023    0.0021    0.0027    0.0032    0.0050    0.0079    0.0117    0.9599   72
  73    0.0034    0.0017    0.0024    0.0022    0.0027    0.0034    0.0051    0.0077    0.0113    0.9600   73
  74    0.0035    0.0019    0.0023    0.0022    0.0028    0.0035    0.0049    0.0073    0.0118    0.9599   74
       -------   -------   -------   -------   -------   -------   -------   -------   -------   ------- 
  75    0.0036    0.0019    0.0022    0.0020    0.0028    0.0033    0.0049    0.0075    0.0117    0.9600   75
  76    0.0036    0.0017    0.0023    0.0021    0.0025    0.0035    0.0051    0.0077    0.0114    0.9601   76
  77    0.0035    0.0017    0.0022    0.0021    0.0029    0.0035    0.0052    0.0076    0.0113    0.9601   77
  78    0.0034    0.0018    0.0021    0.0022    0.0027    0.0036    0.0048    0.0077    0.0117    0.9599   78
  79    0.0035    0.0017    0.0021    0.0020    0.0027    0.0036    0.0050    0.0078    0.0117    0.9598   79
       -------   -------   -------   -------   -------   -------   -------   -------   -------   ------- 
  80    0.0036    0.0017    0.0021    0.0021    0.0027    0.0034    0.0051    0.0077    0.0117    0.9600   80
  81    0.0036    0.0016    0.0021    0.0022    0.0027    0.0031    0.0050    0.0078    0.0118    0.9601   81
  82    0.0035    0.0017    0.0020    0.0022    0.0027    0.0033    0.0050    0.0076    0.0119    0.9602   82
  83    0.0035    0.0016    0.0022    0.0020    0.0027    0.0034    0.0050    0.0076    0.0119    0.9601   83
  84    0.0034    0.0016    0.0022    0.0021    0.0026    0.0035    0.0050    0.0076    0.0118    0.9602   84
       -------   -------   -------   -------   -------   -------   -------   -------   -------   ------- 
  85    0.0034    0.0016    0.0022    0.0020    0.0027    0.0035    0.0049    0.0075    0.0116    0.9605   85
  86    0.0034    0.0016    0.0022    0.0021    0.0027    0.0034    0.0049    0.0074    0.0117    0.9605   86
  87    0.0034    0.0017    0.0021    0.0022    0.0027    0.0034    0.0050    0.0074    0.0113    0.9609   87
  88    0.0034    0.0017    0.0023    0.0020    0.0025    0.0033    0.0049    0.0077    0.0115    0.9607   88
  89    0.0033    0.0018    0.0021    0.0020    0.0025    0.0032    0.0051    0.0077    0.0115    0.9609   89
       -------   -------   -------   -------   -------   -------   -------   -------   -------   ------- 
  90    0.0032    0.0018    0.0022    0.0020    0.0027    0.0032    0.0049    0.0075    0.0117    0.9608   90
  91    0.0032    0.0017    0.0023    0.0020    0.0026    0.0033    0.0049    0.0078    0.0114    0.9608   91
  92    0.0032    0.0017    0.0022    0.0021    0.0025    0.0031    0.0051    0.0076    0.0115    0.9608   92
  93    0.0034    0.0017    0.0021    0.0021    0.0027    0.0034    0.0048    0.0075    0.0117    0.9607   93
  94    0.0034    0.0018    0.0021    0.0021    0.0026    0.0035    0.0049    0.0072    0.0117    0.9606   94
       -------   -------   -------   -------   -------   -------   -------   -------   -------   ------- 
  95    0.0035    0.0018    0.0021    0.0021    0.0027    0.0035    0.0049    0.0074    0.0115    0.9606   95
  96    0.0035    0.0018    0.0021    0.0021    0.0028    0.0032    0.0051    0.0075    0.0111    0.9607   96
  97    0.0035    0.0019    0.0022    0.0022    0.0026    0.0034    0.0050    0.0075    0.0114    0.9605   97
  98    0.0035    0.0018    0.0022    0.0020    0.0028    0.0034    0.0049    0.0077    0.0112    0.9605   98
  99    0.0034    0.0018    0.0023    0.0022    0.0027    0.0034    0.0050    0.0073    0.0116    0.9602   99
       -------   -------   -------   -------   -------   -------   -------   -------   -------   ------- 
