Overall wireset performance: 184685_fnoise_U.pib_exp4a_performance.txt
-----------------------------------------------------------------------
True Positive:        1174592
False Positive:        529919
True Negative:       20989560
False Negative:        345929
Recall (TPR):          0.7725
Specificity (TNR):     0.9754
Precision:             0.6891
Accuracy:              0.9620
F1 Score:              0.7284

            True       False        True       False      Recall Specificity 
        positive    positive    negative    negative       (TPR)       (TNR)   Precision    Accuracy    F1 Score 
     ----------- ----------- ----------- ----------- ----------- ----------- ----------- ----------- ----------- 
   0       11959        2805      212420        3216      0.7881      0.9870      0.8100      0.9739      0.7989    0
   1       11976        3621      211568        3235      0.7873      0.9832      0.7678      0.9702      0.7775    1
   2       12172        3763      211418        3047      0.7998      0.9825      0.7639      0.9704      0.7814    2
   3       12281        3925      211260        2934      0.8072      0.9818      0.7578      0.9702      0.7817    3
   4       12409        4093      211104        2794      0.8162      0.9810      0.7520      0.9701      0.7828    4
     ----------- ----------- ----------- ----------- ----------- ----------- ----------- ----------- ----------- 
   5       12534        4146      211075        2645      0.8257      0.9807      0.7514      0.9705      0.7868    5
   6       12647        4233      211016        2504      0.8347      0.9803      0.7492      0.9708      0.7897    6
   7       12681        4335      210924        2460      0.8375      0.9799      0.7452      0.9705      0.7887    7
   8       12743        4480      210778        2399      0.8416      0.9792      0.7399      0.9701      0.7875    8
   9       12772        4578      210679        2371      0.8434      0.9787      0.7361      0.9698      0.7861    9
     ----------- ----------- ----------- ----------- ----------- ----------- ----------- ----------- ----------- 
  10       12773        4684      210595        2348      0.8447      0.9782      0.7317      0.9695      0.7841   10
  11       12805        4713      210567        2315      0.8469      0.9781      0.7310      0.9695      0.7847   11
  12       12828        4795      210455        2322      0.8467      0.9777      0.7279      0.9691      0.7828   12
  13       12849        4791      210441        2319      0.8471      0.9777      0.7284      0.9691      0.7833   13
  14       12869        4874      210374        2283      0.8493      0.9774      0.7253      0.9689      0.7824   14
     ----------- ----------- ----------- ----------- ----------- ----------- ----------- ----------- ----------- 
  15       12910        4856      210387        2247      0.8518      0.9774      0.7267      0.9692      0.7843   15
  16       12936        4905      210313        2246      0.8521      0.9772      0.7251      0.9690      0.7835   16
  17       12918        4926      210284        2272      0.8504      0.9771      0.7239      0.9688      0.7821   17
  18       12929        4925      210279        2267      0.8508      0.9771      0.7242      0.9688      0.7824   18
  19       12910        4937      210249        2304      0.8486      0.9771      0.7234      0.9686      0.7810   19
     ----------- ----------- ----------- ----------- ----------- ----------- ----------- ----------- ----------- 
  20       12924        4946      210277        2253      0.8516      0.9770      0.7232      0.9688      0.7822   20
  21       12932        4908      210318        2242      0.8522      0.9772      0.7249      0.9690      0.7834   21
  22       12927        4928      210317        2228      0.8530      0.9771      0.7240      0.9689      0.7832   22
  23       12974        4881      210341        2204      0.8548      0.9773      0.7266      0.9692      0.7855   23
  24       12958        4885      210325        2232      0.8531      0.9773      0.7262      0.9691      0.7845   24
     ----------- ----------- ----------- ----------- ----------- ----------- ----------- ----------- ----------- 
  25       12961        4914      210254        2271      0.8509      0.9772      0.7251      0.9688      0.7830   25
  26       12981        4852      210308        2259      0.8518      0.9774      0.7279      0.9691      0.7850   26
  27       12991        4845      210329        2235      0.8532      0.9775      0.7284      0.9693      0.7859   27
  28       12966        4804      210358        2272      0.8509      0.9777      0.7297      0.9693      0.7856   28
  29       12955        4831      210325        2289      0.8498      0.9775      0.7284      0.9691      0.7844   29
     ----------- ----------- ----------- ----------- ----------- ----------- ----------- ----------- ----------- 
  30       12939        4851      210322        2288      0.8497      0.9775      0.7273      0.9690      0.7838   30
  31       12891        4834      210348        2327      0.8471      0.9775      0.7273      0.9689      0.7826   31
  32       12855        4865      210335        2345      0.8457      0.9774      0.7255      0.9687      0.7810   32
  33       12817        4934      210250        2399      0.8423      0.9771      0.7220      0.9682      0.7776   33
  34       12777        4980      210218        2425      0.8405      0.9769      0.7195      0.9679      0.7753   34
     ----------- ----------- ----------- ----------- ----------- ----------- ----------- ----------- ----------- 
  35       12730        4937      210256        2477      0.8371      0.9771      0.7206      0.9678      0.7745   35
  36       12694        4977      210224        2505      0.8352      0.9769      0.7184      0.9675      0.7724   36
  37       12663        4983      210238        2516      0.8342      0.9768      0.7176      0.9675      0.7715   37
  38       12562        4953      210250        2635      0.8266      0.9770      0.7172      0.9671      0.7680   38
  39       12466        4964      210226        2744      0.8196      0.9769      0.7152      0.9665      0.7638   39
     ----------- ----------- ----------- ----------- ----------- ----------- ----------- ----------- ----------- 
  40       12406        4939      210263        2792      0.8163      0.9770      0.7152      0.9664      0.7624   40
  41       12344        4970      210222        2864      0.8117      0.9769      0.7129      0.9660      0.7591   41
  42       12296        4933      210270        2901      0.8091      0.9771      0.7137      0.9660      0.7584   42
  43       12195        4985      210223        2997      0.8027      0.9768      0.7098      0.9654      0.7534   43
  44       12144        4955      210225        3076      0.7979      0.9770      0.7102      0.9651      0.7515   44
     ----------- ----------- ----------- ----------- ----------- ----------- ----------- ----------- ----------- 
  45       12048        4949      210215        3188      0.7908      0.9770      0.7088      0.9647      0.7476   45
  46       11995        4917      210236        3252      0.7867      0.9771      0.7093      0.9645      0.7460   46
  47       11942        4963      210205        3290      0.7840      0.9769      0.7064      0.9642      0.7432   47
  48       11836        4999      210200        3365      0.7786      0.9768      0.7031      0.9637      0.7389   48
  49       11751        4987      210226        3436      0.7738      0.9768      0.7021      0.9634      0.7362   49
     ----------- ----------- ----------- ----------- ----------- ----------- ----------- ----------- ----------- 
  50       11678        4963      210230        3529      0.7679      0.9769      0.7018      0.9631      0.7334   50
  51       11589        4946      210231        3634      0.7613      0.9770      0.7009      0.9628      0.7298   51
  52       11531        5002      210179        3688      0.7577      0.9768      0.6975      0.9623      0.7263   52
  53       11443        4994      210205        3758      0.7528      0.9768      0.6962      0.9620      0.7234   53
  54       11365        5072      210130        3833      0.7478      0.9764      0.6914      0.9613      0.7185   54
     ----------- ----------- ----------- ----------- ----------- ----------- ----------- ----------- ----------- 
  55       11317        5085      210162        3836      0.7468      0.9764      0.6900      0.9613      0.7173   55
  56       11237        5204      210044        3915      0.7416      0.9758      0.6835      0.9604      0.7114   56
  57       11208        5172      210068        3952      0.7393      0.9760      0.6842      0.9604      0.7107   57
  58       11133        5285      209964        4018      0.7348      0.9754      0.6781      0.9596      0.7053   58
  59       11071        5294      209962        4073      0.7310      0.9754      0.6765      0.9593      0.7027   59
     ----------- ----------- ----------- ----------- ----------- ----------- ----------- ----------- ----------- 
  60       11041        5347      209914        4098      0.7293      0.9752      0.6737      0.9590      0.7004   60
  61       10989        5392      209858        4161      0.7253      0.9750      0.6708      0.9585      0.6970   61
  62       10977        5449      209825        4149      0.7257      0.9747      0.6683      0.9583      0.6958   62
  63       10953        5448      209815        4184      0.7236      0.9747      0.6678      0.9582      0.6946   63
  64       10942        5523      209744        4191      0.7231      0.9743      0.6646      0.9578      0.6926   64
     ----------- ----------- ----------- ----------- ----------- ----------- ----------- ----------- ----------- 
  65       10930        5614      209643        4213      0.7218      0.9739      0.6607      0.9573      0.6899   65
  66       10906        5639      209593        4262      0.7190      0.9738      0.6592      0.9570      0.6878   66
  67       10878        5722      209497        4303      0.7166      0.9734      0.6553      0.9565      0.6846   67
  68       10907        5797      209388        4308      0.7169      0.9731      0.6530      0.9561      0.6834   68
  69       10882        5901      209281        4336      0.7151      0.9726      0.6484      0.9556      0.6801   69
     ----------- ----------- ----------- ----------- ----------- ----------- ----------- ----------- ----------- 
  70       10849        5988      209214        4349      0.7138      0.9722      0.6444      0.9551      0.6773   70
  71       10859        6082      209102        4357      0.7137      0.9717      0.6410      0.9547      0.6754   71
  72       10863        6167      209016        4354      0.7139      0.9713      0.6379      0.9543      0.6737   72
  73       10860        6230      208945        4365      0.7133      0.9710      0.6355      0.9540      0.6721   73
  74       10875        6261      208927        4337      0.7149      0.9709      0.6346      0.9540      0.6724   74
     ----------- ----------- ----------- ----------- ----------- ----------- ----------- ----------- ----------- 
  75       10881        6291      208883        4345      0.7146      0.9708      0.6336      0.9538      0.6717   75
  76       10911        6335      208856        4298      0.7174      0.9706      0.6327      0.9538      0.6724   76
  77       10942        6389      208809        4260      0.7198      0.9703      0.6314      0.9538      0.6727   77
  78       10991        6464      208728        4217      0.7227      0.9700      0.6297      0.9536      0.6730   78
  79       11059        6507      208674        4160      0.7267      0.9698      0.6296      0.9537      0.6746   79
     ----------- ----------- ----------- ----------- ----------- ----------- ----------- ----------- ----------- 
  80       11108        6567      208608        4117      0.7296      0.9695      0.6285      0.9536      0.6753   80
  81       11156        6653      208518        4073      0.7325      0.9691      0.6264      0.9534      0.6753   81
  82       11144        6729      208442        4085      0.7318      0.9687      0.6235      0.9531      0.6733   82
  83       11173        6853      208309        4065      0.7332      0.9681      0.6198      0.9526      0.6718   83
  84       11182        6955      208200        4063      0.7335      0.9677      0.6165      0.9522      0.6699   84
     ----------- ----------- ----------- ----------- ----------- ----------- ----------- ----------- ----------- 
  85       11210        7114      208019        4057      0.7343      0.9669      0.6118      0.9515      0.6674   85
  86       11176        7226      207906        4092      0.7320      0.9664      0.6073      0.9509      0.6639   86
  87       11144        7350      207767        4139      0.7292      0.9658      0.6026      0.9501      0.6599   87
  88       11081        7405      207710        4204      0.7250      0.9656      0.5994      0.9496      0.6562   88
  89       10997        7408      207704        4291      0.7193      0.9656      0.5975      0.9492      0.6528   89
     ----------- ----------- ----------- ----------- ----------- ----------- ----------- ----------- ----------- 
  90       10865        7250      207861        4424      0.7106      0.9663      0.5998      0.9493      0.6505   90
  91       10748        7005      208102        4545      0.7028      0.9674      0.6054      0.9499      0.6505   91
  92       10606        6678      208436        4680      0.6938      0.9690      0.6136      0.9507      0.6513   92
  93       10420        6265      208858        4857      0.6821      0.9709      0.6245      0.9517      0.6520   93
  94       10174        5737      209402        5087      0.6667      0.9733      0.6394      0.9530      0.6528   94
     ----------- ----------- ----------- ----------- ----------- ----------- ----------- ----------- ----------- 
  95        9979        5214      209925        5282      0.6539      0.9758      0.6568      0.9544      0.6553   95
  96        9744        4829      210331        5496      0.6394      0.9776      0.6686      0.9552      0.6537   96
  97        9518        4291      210849        5742      0.6237      0.9801      0.6893      0.9565      0.6549   97
  98        9231        3564      211541        6064      0.6035      0.9834      0.7215      0.9582      0.6572   98
  99        9048        3209      211895        6248      0.5915      0.9851      0.7382      0.9590      0.6568   99
     ----------- ----------- ----------- ----------- ----------- ----------- ----------- ----------- ----------- 

Probability Distribution (Signal)
        <0.10     <0.20     <0.30     <0.40     <0.50     <0.60     <0.70     <0.80     <0.90     <1.00  
       -------   -------   -------   -------   -------   -------   -------   -------   -------   ------- 
   0    0.0874    0.0277    0.0321    0.0306    0.0340    0.0351    0.0332    0.0365    0.0567    0.6265    0
   1    0.0837    0.0327    0.0340    0.0306    0.0318    0.0277    0.0289    0.0269    0.0404    0.6635    1
   2    0.0798    0.0296    0.0329    0.0300    0.0279    0.0297    0.0242    0.0270    0.0346    0.6843    2
   3    0.0787    0.0273    0.0320    0.0282    0.0266    0.0269    0.0263    0.0254    0.0319    0.6967    3
   4    0.0748    0.0229    0.0305    0.0276    0.0280    0.0262    0.0262    0.0237    0.0334    0.7066    4
       -------   -------   -------   -------   -------   -------   -------   -------   -------   ------- 
   5    0.0670    0.0213    0.0309    0.0289    0.0262    0.0271    0.0260    0.0246    0.0316    0.7165    5
   6    0.0609    0.0227    0.0281    0.0279    0.0257    0.0279    0.0284    0.0246    0.0329    0.7209    6
   7    0.0567    0.0209    0.0271    0.0273    0.0306    0.0272    0.0295    0.0254    0.0336    0.7218    7
   8    0.0520    0.0199    0.0285    0.0273    0.0306    0.0283    0.0309    0.0258    0.0343    0.7223    8
   9    0.0495    0.0205    0.0294    0.0290    0.0283    0.0303    0.0296    0.0282    0.0332    0.7222    9
       -------   -------   -------   -------   -------   -------   -------   -------   -------   ------- 
  10    0.0478    0.0195    0.0306    0.0284    0.0290    0.0325    0.0298    0.0275    0.0337    0.7212   10
  11    0.0472    0.0199    0.0286    0.0292    0.0282    0.0332    0.0297    0.0276    0.0328    0.7235   11
  12    0.0479    0.0203    0.0283    0.0298    0.0271    0.0342    0.0293    0.0277    0.0343    0.7212   12
  13    0.0480    0.0214    0.0254    0.0312    0.0269    0.0314    0.0311    0.0285    0.0358    0.7203   13
  14    0.0481    0.0189    0.0253    0.0294    0.0289    0.0292    0.0325    0.0295    0.0350    0.7231   14
       -------   -------   -------   -------   -------   -------   -------   -------   -------   ------- 
  15    0.0474    0.0191    0.0246    0.0284    0.0287    0.0298    0.0340    0.0293    0.0346    0.7240   15
  16    0.0483    0.0190    0.0227    0.0292    0.0286    0.0318    0.0347    0.0263    0.0371    0.7220   16
  17    0.0496    0.0185    0.0220    0.0302    0.0293    0.0312    0.0321    0.0292    0.0372    0.7208   17
  18    0.0492    0.0199    0.0227    0.0292    0.0282    0.0323    0.0332    0.0285    0.0355    0.7212   18
  19    0.0513    0.0187    0.0237    0.0270    0.0307    0.0304    0.0363    0.0272    0.0351    0.7196   19
       -------   -------   -------   -------   -------   -------   -------   -------   -------   ------- 
  20    0.0504    0.0186    0.0244    0.0261    0.0290    0.0313    0.0354    0.0285    0.0360    0.7203   20
  21    0.0506    0.0198    0.0231    0.0275    0.0268    0.0319    0.0346    0.0304    0.0362    0.7191   21
  22    0.0511    0.0181    0.0224    0.0279    0.0274    0.0315    0.0355    0.0300    0.0350    0.7209   22
  23    0.0514    0.0179    0.0232    0.0258    0.0269    0.0322    0.0368    0.0289    0.0362    0.7207   23
  24    0.0518    0.0172    0.0216    0.0275    0.0288    0.0302    0.0374    0.0305    0.0349    0.7201   24
       -------   -------   -------   -------   -------   -------   -------   -------   -------   ------- 
  25    0.0521    0.0183    0.0223    0.0278    0.0286    0.0326    0.0342    0.0328    0.0337    0.7176   25
  26    0.0502    0.0198    0.0220    0.0279    0.0283    0.0318    0.0364    0.0306    0.0352    0.7177   26
  27    0.0498    0.0199    0.0214    0.0274    0.0283    0.0321    0.0384    0.0311    0.0349    0.7167   27
  28    0.0488    0.0226    0.0226    0.0274    0.0277    0.0326    0.0371    0.0327    0.0321    0.7165   28
  29    0.0483    0.0244    0.0235    0.0281    0.0258    0.0322    0.0369    0.0325    0.0340    0.7142   29
       -------   -------   -------   -------   -------   -------   -------   -------   -------   ------- 
  30    0.0493    0.0252    0.0232    0.0270    0.0256    0.0311    0.0374    0.0341    0.0343    0.7127   30
  31    0.0484    0.0275    0.0233    0.0269    0.0269    0.0312    0.0359    0.0321    0.0374    0.7104   31
  32    0.0495    0.0286    0.0239    0.0240    0.0282    0.0285    0.0382    0.0330    0.0358    0.7103   32
  33    0.0493    0.0317    0.0261    0.0246    0.0260    0.0260    0.0369    0.0323    0.0382    0.7089   33
  34    0.0496    0.0348    0.0262    0.0238    0.0251    0.0259    0.0336    0.0361    0.0357    0.7092   34
       -------   -------   -------   -------   -------   -------   -------   -------   -------   ------- 
  35    0.0520    0.0348    0.0275    0.0248    0.0238    0.0253    0.0337    0.0332    0.0359    0.7089   35
  36    0.0528    0.0374    0.0303    0.0229    0.0213    0.0253    0.0316    0.0307    0.0378    0.7097   36
  37    0.0531    0.0387    0.0300    0.0240    0.0200    0.0239    0.0335    0.0312    0.0359    0.7097   37
  38    0.0543    0.0424    0.0310    0.0245    0.0213    0.0225    0.0307    0.0307    0.0367    0.7061   38
  39    0.0551    0.0469    0.0333    0.0245    0.0206    0.0202    0.0281    0.0293    0.0371    0.7047   39
       -------   -------   -------   -------   -------   -------   -------   -------   -------   ------- 
  40    0.0578    0.0486    0.0339    0.0231    0.0204    0.0212    0.0274    0.0270    0.0354    0.7053   40
  41    0.0589    0.0501    0.0368    0.0231    0.0194    0.0200    0.0266    0.0260    0.0331    0.7059   41
  42    0.0602    0.0516    0.0374    0.0236    0.0182    0.0205    0.0257    0.0265    0.0317    0.7047   42
  43    0.0619    0.0515    0.0403    0.0236    0.0200    0.0184    0.0248    0.0240    0.0321    0.7034   43
  44    0.0645    0.0540    0.0392    0.0269    0.0176    0.0185    0.0227    0.0250    0.0319    0.6999   44
       -------   -------   -------   -------   -------   -------   -------   -------   -------   ------- 
  45    0.0661    0.0578    0.0402    0.0259    0.0192    0.0186    0.0209    0.0228    0.0302    0.6983   45
  46    0.0682    0.0590    0.0411    0.0273    0.0176    0.0197    0.0197    0.0210    0.0301    0.6963   46
  47    0.0682    0.0615    0.0428    0.0272    0.0163    0.0205    0.0187    0.0221    0.0286    0.6941   47
  48    0.0689    0.0624    0.0439    0.0274    0.0188    0.0178    0.0191    0.0204    0.0285    0.6928   48
  49    0.0691    0.0649    0.0447    0.0292    0.0183    0.0155    0.0194    0.0203    0.0271    0.6914   49
       -------   -------   -------   -------   -------   -------   -------   -------   -------   ------- 
  50    0.0713    0.0671    0.0447    0.0291    0.0198    0.0164    0.0174    0.0201    0.0244    0.6897   50
  51    0.0726    0.0675    0.0488    0.0288    0.0210    0.0164    0.0167    0.0183    0.0250    0.6850   51
  52    0.0737    0.0693    0.0490    0.0309    0.0195    0.0160    0.0169    0.0183    0.0258    0.6807   52
  53    0.0726    0.0714    0.0505    0.0325    0.0202    0.0151    0.0166    0.0174    0.0237    0.6800   53
  54    0.0736    0.0740    0.0495    0.0350    0.0201    0.0139    0.0160    0.0180    0.0251    0.6749   54
       -------   -------   -------   -------   -------   -------   -------   -------   -------   ------- 
  55    0.0732    0.0758    0.0489    0.0355    0.0197    0.0163    0.0166    0.0158    0.0241    0.6741   55
  56    0.0750    0.0743    0.0498    0.0358    0.0235    0.0144    0.0159    0.0172    0.0241    0.6701   56
  57    0.0760    0.0725    0.0540    0.0367    0.0214    0.0173    0.0156    0.0162    0.0224    0.6679   57
  58    0.0767    0.0743    0.0545    0.0374    0.0223    0.0173    0.0149    0.0164    0.0218    0.6644   58
  59    0.0791    0.0736    0.0539    0.0386    0.0238    0.0165    0.0149    0.0162    0.0223    0.6611   59
       -------   -------   -------   -------   -------   -------   -------   -------   -------   ------- 
  60    0.0814    0.0734    0.0536    0.0380    0.0244    0.0178    0.0143    0.0169    0.0220    0.6582   60
  61    0.0834    0.0727    0.0561    0.0380    0.0246    0.0167    0.0160    0.0160    0.0205    0.6562   61
  62    0.0839    0.0737    0.0567    0.0358    0.0242    0.0179    0.0169    0.0153    0.0245    0.6513   62
  63    0.0850    0.0748    0.0581    0.0346    0.0240    0.0188    0.0176    0.0157    0.0210    0.6505   63
  64    0.0878    0.0730    0.0576    0.0348    0.0237    0.0180    0.0176    0.0162    0.0225    0.6488   64
       -------   -------   -------   -------   -------   -------   -------   -------   -------   ------- 
  65    0.0909    0.0734    0.0557    0.0359    0.0223    0.0188    0.0166    0.0181    0.0220    0.6463   65
  66    0.0938    0.0692    0.0587    0.0373    0.0220    0.0171    0.0192    0.0171    0.0229    0.6427   66
  67    0.0949    0.0697    0.0598    0.0358    0.0232    0.0173    0.0168    0.0180    0.0238    0.6407   67
  68    0.0981    0.0677    0.0593    0.0364    0.0216    0.0204    0.0163    0.0172    0.0254    0.6377   68
  69    0.0995    0.0675    0.0565    0.0392    0.0223    0.0198    0.0168    0.0180    0.0233    0.6372   69
       -------   -------   -------   -------   -------   -------   -------   -------   -------   ------- 
  70    0.0992    0.0672    0.0589    0.0355    0.0254    0.0182    0.0174    0.0176    0.0234    0.6373   70
  71    0.1026    0.0662    0.0576    0.0369    0.0231    0.0189    0.0174    0.0180    0.0245    0.6349   71
  72    0.1048    0.0647    0.0586    0.0342    0.0237    0.0198    0.0170    0.0183    0.0246    0.6342   72
  73    0.1088    0.0613    0.0586    0.0357    0.0223    0.0204    0.0186    0.0167    0.0242    0.6334   73
  74    0.1110    0.0605    0.0552    0.0375    0.0208    0.0200    0.0183    0.0189    0.0228    0.6349   74
       -------   -------   -------   -------   -------   -------   -------   -------   -------   ------- 
  75    0.1139    0.0590    0.0515    0.0374    0.0236    0.0187    0.0186    0.0186    0.0263    0.6324   75
  76    0.1169    0.0537    0.0518    0.0365    0.0237    0.0212    0.0187    0.0184    0.0252    0.6340   76
  77    0.1199    0.0517    0.0500    0.0349    0.0237    0.0203    0.0193    0.0193    0.0250    0.6359   77
  78    0.1228    0.0508    0.0445    0.0349    0.0244    0.0199    0.0194    0.0201    0.0273    0.6360   78
  79    0.1275    0.0484    0.0388    0.0354    0.0233    0.0205    0.0208    0.0194    0.0291    0.6368   79
       -------   -------   -------   -------   -------   -------   -------   -------   -------   ------- 
  80    0.1308    0.0456    0.0363    0.0344    0.0233    0.0211    0.0193    0.0236    0.0281    0.6375   80
  81    0.1362    0.0412    0.0372    0.0301    0.0227    0.0215    0.0202    0.0244    0.0296    0.6369   81
  82    0.1406    0.0378    0.0360    0.0298    0.0241    0.0220    0.0196    0.0205    0.0311    0.6385   82
  83    0.1464    0.0360    0.0343    0.0280    0.0221    0.0196    0.0207    0.0209    0.0312    0.6408   83
  84    0.1514    0.0348    0.0318    0.0268    0.0217    0.0194    0.0192    0.0216    0.0304    0.6429   84
       -------   -------   -------   -------   -------   -------   -------   -------   -------   ------- 
  85    0.1571    0.0356    0.0295    0.0249    0.0187    0.0218    0.0179    0.0205    0.0328    0.6413   85
  86    0.1617    0.0368    0.0263    0.0234    0.0198    0.0198    0.0194    0.0198    0.0343    0.6387   86
  87    0.1676    0.0377    0.0245    0.0218    0.0192    0.0193    0.0200    0.0200    0.0308    0.6392   87
  88    0.1744    0.0387    0.0240    0.0188    0.0191    0.0190    0.0194    0.0199    0.0332    0.6335   88
  89    0.1832    0.0372    0.0235    0.0195    0.0173    0.0186    0.0186    0.0202    0.0333    0.6287   89
       -------   -------   -------   -------   -------   -------   -------   -------   -------   ------- 
  90    0.1939    0.0360    0.0232    0.0199    0.0165    0.0171    0.0192    0.0209    0.0302    0.6233   90
  91    0.2022    0.0374    0.0217    0.0193    0.0165    0.0182    0.0186    0.0203    0.0271    0.6186   91
  92    0.2104    0.0375    0.0227    0.0201    0.0155    0.0181    0.0183    0.0205    0.0260    0.6110   92
  93    0.2201    0.0388    0.0210    0.0222    0.0158    0.0201    0.0177    0.0187    0.0255    0.6001   93
  94    0.2295    0.0411    0.0231    0.0216    0.0181    0.0177    0.0168    0.0190    0.0212    0.5920   94
       -------   -------   -------   -------   -------   -------   -------   -------   -------   ------- 
  95    0.2418    0.0415    0.0230    0.0216    0.0182    0.0177    0.0170    0.0175    0.0234    0.5783   95
  96    0.2541    0.0420    0.0255    0.0228    0.0163    0.0184    0.0150    0.0184    0.0243    0.5632   96
  97    0.2718    0.0413    0.0273    0.0182    0.0177    0.0187    0.0175    0.0179    0.0237    0.5459   97
  98    0.2919    0.0406    0.0262    0.0186    0.0191    0.0182    0.0154    0.0150    0.0205    0.5344   98
  99    0.3033    0.0441    0.0260    0.0186    0.0165    0.0161    0.0136    0.0158    0.0231    0.5229   99
       -------   -------   -------   -------   -------   -------   -------   -------   -------   ------- 

Probability Distribution (Noise)
        <0.10     <0.20     <0.30     <0.40     <0.50     <0.60     <0.70     <0.80     <0.90     <1.00  
       -------   -------   -------   -------   -------   -------   -------   -------   -------   ------- 
   0    0.0042    0.0020    0.0019    0.0021    0.0028    0.0036    0.0056    0.0096    0.0238    0.9443    0
   1    0.0061    0.0029    0.0026    0.0024    0.0028    0.0033    0.0051    0.0087    0.0260    0.9400    1
   2    0.0070    0.0030    0.0024    0.0023    0.0027    0.0037    0.0049    0.0092    0.0273    0.9375    2
   3    0.0074    0.0031    0.0025    0.0023    0.0028    0.0037    0.0052    0.0099    0.0274    0.9355    3
   4    0.0078    0.0032    0.0026    0.0024    0.0030    0.0036    0.0054    0.0103    0.0276    0.9340    4
       -------   -------   -------   -------   -------   -------   -------   -------   -------   ------- 
   5    0.0080    0.0033    0.0027    0.0024    0.0028    0.0039    0.0058    0.0106    0.0275    0.9329    5
   6    0.0083    0.0033    0.0026    0.0024    0.0030    0.0042    0.0058    0.0113    0.0275    0.9316    6
   7    0.0085    0.0033    0.0028    0.0024    0.0031    0.0041    0.0061    0.0114    0.0275    0.9307    7
   8    0.0088    0.0033    0.0027    0.0027    0.0033    0.0041    0.0062    0.0112    0.0278    0.9299    8
   9    0.0091    0.0032    0.0026    0.0028    0.0035    0.0044    0.0061    0.0115    0.0277    0.9291    9
       -------   -------   -------   -------   -------   -------   -------   -------   -------   ------- 
  10    0.0093    0.0033    0.0026    0.0030    0.0036    0.0044    0.0062    0.0116    0.0277    0.9284   10
  11    0.0094    0.0033    0.0028    0.0030    0.0034    0.0046    0.0065    0.0116    0.0275    0.9278   11
  12    0.0094    0.0035    0.0028    0.0030    0.0036    0.0045    0.0067    0.0116    0.0275    0.9274   12
  13    0.0094    0.0035    0.0029    0.0030    0.0035    0.0047    0.0067    0.0119    0.0274    0.9270   13
  14    0.0094    0.0035    0.0029    0.0030    0.0038    0.0046    0.0065    0.0123    0.0275    0.9264   14
       -------   -------   -------   -------   -------   -------   -------   -------   -------   ------- 
  15    0.0096    0.0035    0.0028    0.0029    0.0038    0.0049    0.0065    0.0120    0.0280    0.9260   15
  16    0.0096    0.0035    0.0030    0.0029    0.0038    0.0047    0.0071    0.0115    0.0280    0.9259   16
  17    0.0094    0.0037    0.0029    0.0032    0.0037    0.0047    0.0069    0.0118    0.0279    0.9258   17
  18    0.0094    0.0036    0.0029    0.0032    0.0038    0.0049    0.0069    0.0117    0.0281    0.9255   18
  19    0.0096    0.0036    0.0029    0.0031    0.0038    0.0049    0.0069    0.0115    0.0284    0.9254   19
       -------   -------   -------   -------   -------   -------   -------   -------   -------   ------- 
  20    0.0096    0.0036    0.0030    0.0032    0.0036    0.0048    0.0068    0.0115    0.0285    0.9254   20
  21    0.0096    0.0035    0.0030    0.0030    0.0037    0.0048    0.0068    0.0116    0.0286    0.9253   21
  22    0.0095    0.0036    0.0028    0.0032    0.0038    0.0045    0.0066    0.0118    0.0291    0.9251   22
  23    0.0094    0.0036    0.0031    0.0029    0.0036    0.0047    0.0065    0.0117    0.0295    0.9249   23
  24    0.0095    0.0036    0.0030    0.0030    0.0036    0.0046    0.0063    0.0118    0.0297    0.9249   24
       -------   -------   -------   -------   -------   -------   -------   -------   -------   ------- 
  25    0.0094    0.0035    0.0031    0.0030    0.0038    0.0044    0.0064    0.0118    0.0295    0.9250   25
  26    0.0094    0.0035    0.0031    0.0030    0.0035    0.0045    0.0066    0.0114    0.0302    0.9247   26
  27    0.0093    0.0037    0.0029    0.0031    0.0036    0.0044    0.0065    0.0118    0.0298    0.9250   27
  28    0.0095    0.0035    0.0028    0.0029    0.0036    0.0044    0.0068    0.0116    0.0302    0.9248   28
  29    0.0096    0.0036    0.0029    0.0030    0.0035    0.0044    0.0065    0.0114    0.0308    0.9243   29
       -------   -------   -------   -------   -------   -------   -------   -------   -------   ------- 
  30    0.0096    0.0034    0.0030    0.0030    0.0035    0.0045    0.0064    0.0116    0.0308    0.9242   30
  31    0.0097    0.0035    0.0029    0.0029    0.0035    0.0047    0.0065    0.0113    0.0311    0.9240   31
  32    0.0097    0.0036    0.0028    0.0030    0.0034    0.0046    0.0065    0.0115    0.0308    0.9240   32
  33    0.0098    0.0036    0.0029    0.0031    0.0035    0.0045    0.0061    0.0118    0.0307    0.9240   33
  34    0.0098    0.0036    0.0032    0.0031    0.0035    0.0044    0.0062    0.0118    0.0309    0.9236   34
       -------   -------   -------   -------   -------   -------   -------   -------   -------   ------- 
  35    0.0098    0.0038    0.0030    0.0030    0.0034    0.0047    0.0063    0.0117    0.0311    0.9233   35
  36    0.0097    0.0039    0.0030    0.0031    0.0035    0.0045    0.0064    0.0121    0.0307    0.9231   36
  37    0.0098    0.0037    0.0031    0.0029    0.0037    0.0047    0.0065    0.0118    0.0312    0.9226   37
  38    0.0098    0.0037    0.0030    0.0030    0.0035    0.0048    0.0069    0.0119    0.0310    0.9225   38
  39    0.0098    0.0039    0.0029    0.0030    0.0035    0.0046    0.0068    0.0127    0.0305    0.9224   39
       -------   -------   -------   -------   -------   -------   -------   -------   -------   ------- 
  40    0.0099    0.0036    0.0030    0.0031    0.0034    0.0047    0.0070    0.0126    0.0310    0.9219   40
  41    0.0097    0.0037    0.0030    0.0029    0.0038    0.0048    0.0068    0.0126    0.0315    0.9212   41
  42    0.0098    0.0035    0.0029    0.0032    0.0035    0.0052    0.0069    0.0123    0.0319    0.9208   42
  43    0.0097    0.0037    0.0028    0.0032    0.0038    0.0048    0.0072    0.0124    0.0319    0.9205   43
  44    0.0096    0.0036    0.0029    0.0032    0.0038    0.0050    0.0072    0.0123    0.0322    0.9202   44
       -------   -------   -------   -------   -------   -------   -------   -------   -------   ------- 
  45    0.0096    0.0035    0.0032    0.0029    0.0038    0.0052    0.0071    0.0129    0.0322    0.9196   45
  46    0.0096    0.0035    0.0031    0.0029    0.0037    0.0050    0.0074    0.0131    0.0328    0.9189   46
  47    0.0095    0.0037    0.0030    0.0030    0.0038    0.0050    0.0073    0.0130    0.0336    0.9180   47
  48    0.0095    0.0036    0.0031    0.0032    0.0038    0.0050    0.0073    0.0135    0.0335    0.9175   48
  49    0.0095    0.0037    0.0030    0.0031    0.0039    0.0049    0.0076    0.0136    0.0337    0.9171   49
       -------   -------   -------   -------   -------   -------   -------   -------   -------   ------- 
  50    0.0095    0.0039    0.0028    0.0031    0.0038    0.0052    0.0077    0.0138    0.0336    0.9166   50
  51    0.0096    0.0037    0.0028    0.0031    0.0037    0.0053    0.0080    0.0143    0.0335    0.9159   51
  52    0.0096    0.0035    0.0032    0.0031    0.0039    0.0051    0.0080    0.0144    0.0341    0.9151   52
  53    0.0096    0.0035    0.0031    0.0032    0.0038    0.0055    0.0081    0.0143    0.0345    0.9144   53
  54    0.0096    0.0034    0.0032    0.0033    0.0041    0.0054    0.0083    0.0144    0.0350    0.9135   54
       -------   -------   -------   -------   -------   -------   -------   -------   -------   ------- 
  55    0.0096    0.0035    0.0032    0.0034    0.0039    0.0055    0.0083    0.0146    0.0354    0.9125   55
  56    0.0096    0.0036    0.0033    0.0033    0.0043    0.0054    0.0082    0.0146    0.0359    0.9118   56
  57    0.0096    0.0037    0.0033    0.0035    0.0039    0.0059    0.0081    0.0148    0.0360    0.9112   57
  58    0.0097    0.0037    0.0033    0.0034    0.0045    0.0055    0.0084    0.0149    0.0363    0.9103   58
  59    0.0098    0.0038    0.0033    0.0034    0.0043    0.0058    0.0085    0.0154    0.0364    0.9093   59
       -------   -------   -------   -------   -------   -------   -------   -------   -------   ------- 
  60    0.0099    0.0039    0.0033    0.0035    0.0043    0.0057    0.0086    0.0156    0.0368    0.9084   60
  61    0.0100    0.0037    0.0035    0.0035    0.0043    0.0059    0.0090    0.0156    0.0373    0.9073   61
  62    0.0100    0.0039    0.0034    0.0035    0.0045    0.0059    0.0090    0.0160    0.0373    0.9065   62
  63    0.0101    0.0038    0.0035    0.0036    0.0043    0.0060    0.0095    0.0162    0.0373    0.9056   63
  64    0.0101    0.0038    0.0036    0.0036    0.0046    0.0063    0.0093    0.0162    0.0381    0.9045   64
       -------   -------   -------   -------   -------   -------   -------   -------   -------   ------- 
  65    0.0100    0.0038    0.0038    0.0038    0.0047    0.0066    0.0091    0.0166    0.0383    0.9034   65
  66    0.0100    0.0038    0.0039    0.0038    0.0046    0.0068    0.0093    0.0164    0.0385    0.9028   66
  67    0.0099    0.0041    0.0040    0.0037    0.0048    0.0067    0.0093    0.0168    0.0384    0.9021   67
  68    0.0099    0.0042    0.0041    0.0038    0.0049    0.0067    0.0096    0.0171    0.0385    0.9011   68
  69    0.0103    0.0042    0.0039    0.0040    0.0051    0.0068    0.0099    0.0168    0.0384    0.9007   69
       -------   -------   -------   -------   -------   -------   -------   -------   -------   ------- 
  70    0.0104    0.0042    0.0041    0.0041    0.0050    0.0071    0.0096    0.0174    0.0382    0.8999   70
  71    0.0106    0.0042    0.0043    0.0041    0.0051    0.0073    0.0094    0.0175    0.0384    0.8991   71
  72    0.0106    0.0044    0.0042    0.0043    0.0052    0.0069    0.0102    0.0176    0.0385    0.8981   72
  73    0.0106    0.0044    0.0044    0.0042    0.0052    0.0069    0.0101    0.0180    0.0389    0.8971   73
  74    0.0106    0.0045    0.0044    0.0043    0.0052    0.0072    0.0099    0.0186    0.0386    0.8966   74
       -------   -------   -------   -------   -------   -------   -------   -------   -------   ------- 
  75    0.0107    0.0044    0.0044    0.0046    0.0052    0.0072    0.0101    0.0188    0.0385    0.8961   75
  76    0.0108    0.0044    0.0044    0.0046    0.0052    0.0071    0.0105    0.0192    0.0379    0.8958   76
  77    0.0108    0.0046    0.0043    0.0047    0.0054    0.0071    0.0109    0.0194    0.0375    0.8954   77
  78    0.0109    0.0045    0.0047    0.0045    0.0054    0.0073    0.0111    0.0193    0.0373    0.8950   78
  79    0.0106    0.0048    0.0048    0.0048    0.0052    0.0074    0.0115    0.0191    0.0371    0.8946   79
       -------   -------   -------   -------   -------   -------   -------   -------   -------   ------- 
  80    0.0104    0.0049    0.0050    0.0048    0.0053    0.0075    0.0118    0.0196    0.0362    0.8944   80
  81    0.0106    0.0046    0.0049    0.0052    0.0055    0.0077    0.0120    0.0194    0.0360    0.8940   81
  82    0.0105    0.0049    0.0049    0.0053    0.0057    0.0079    0.0125    0.0190    0.0358    0.8935   82
  83    0.0106    0.0049    0.0051    0.0053    0.0059    0.0081    0.0126    0.0184    0.0352    0.8937   83
  84    0.0103    0.0052    0.0054    0.0055    0.0059    0.0087    0.0121    0.0182    0.0349    0.8938   84
       -------   -------   -------   -------   -------   -------   -------   -------   -------   ------- 
  85    0.0106    0.0052    0.0054    0.0056    0.0064    0.0088    0.0120    0.0175    0.0348    0.8938   85
  86    0.0106    0.0053    0.0055    0.0055    0.0066    0.0087    0.0121    0.0169    0.0346    0.8941   86
  87    0.0107    0.0059    0.0053    0.0055    0.0067    0.0087    0.0117    0.0165    0.0339    0.8951   87
  88    0.0108    0.0058    0.0053    0.0058    0.0067    0.0082    0.0116    0.0160    0.0338    0.8960   88
  89    0.0108    0.0057    0.0053    0.0059    0.0067    0.0079    0.0108    0.0162    0.0337    0.8971   89
       -------   -------   -------   -------   -------   -------   -------   -------   -------   ------- 
  90    0.0108    0.0055    0.0049    0.0064    0.0062    0.0076    0.0103    0.0159    0.0337    0.8988   90
  91    0.0108    0.0051    0.0044    0.0058    0.0064    0.0072    0.0099    0.0154    0.0337    0.9013   91
  92    0.0105    0.0048    0.0042    0.0053    0.0063    0.0069    0.0095    0.0144    0.0339    0.9043   92
  93    0.0104    0.0041    0.0039    0.0045    0.0063    0.0069    0.0091    0.0131    0.0338    0.9080   93
  94    0.0098    0.0036    0.0037    0.0038    0.0056    0.0072    0.0085    0.0115    0.0340    0.9121   94
       -------   -------   -------   -------   -------   -------   -------   -------   -------   ------- 
  95    0.0093    0.0033    0.0033    0.0039    0.0044    0.0067    0.0083    0.0109    0.0326    0.9173   95
  96    0.0088    0.0028    0.0030    0.0034    0.0044    0.0054    0.0078    0.0110    0.0296    0.9237   96
  97    0.0085    0.0022    0.0023    0.0031    0.0038    0.0049    0.0065    0.0109    0.0246    0.9330   97
  98    0.0080    0.0022    0.0017    0.0019    0.0028    0.0046    0.0057    0.0098    0.0228    0.9405   98
  99    0.0071    0.0024    0.0017    0.0016    0.0021    0.0034    0.0049    0.0088    0.0244    0.9436   99
       -------   -------   -------   -------   -------   -------   -------   -------   -------   ------- 
