Overall wireset performance: 184685_wnoise_U.pib_exp4a_performance.txt
-----------------------------------------------------------------------
True Positive:        1213335
False Positive:          4061
True Negative:       21515418
False Negative:        307186
Recall (TPR):          0.7980
Specificity (TNR):     0.9998
Precision:             0.9967
Accuracy:              0.9865
F1 Score:              0.8863

            True       False        True       False      Recall Specificity 
        positive    positive    negative    negative       (TPR)       (TNR)   Precision    Accuracy    F1 Score 
     ----------- ----------- ----------- ----------- ----------- ----------- ----------- ----------- ----------- 
   0       12013         101      215124        3162      0.7916      0.9995      0.9917      0.9858      0.8804    0
   1       12091          84      215105        3120      0.7949      0.9996      0.9931      0.9861      0.8830    1
   2       12296         110      215071        2923      0.8079      0.9995      0.9911      0.9868      0.8902    2
   3       12453         121      215064        2762      0.8185      0.9994      0.9904      0.9875      0.8963    3
   4       12609         149      215048        2594      0.8294      0.9993      0.9883      0.9881      0.9019    4
     ----------- ----------- ----------- ----------- ----------- ----------- ----------- ----------- ----------- 
   5       12712         150      215071        2467      0.8375      0.9993      0.9883      0.9886      0.9067    5
   6       12834         150      215099        2317      0.8471      0.9993      0.9884      0.9893      0.9123    6
   7       12891         154      215105        2250      0.8514      0.9993      0.9882      0.9896      0.9147    7
   8       12943         148      215110        2199      0.8548      0.9993      0.9887      0.9898      0.9169    8
   9       12926         135      215122        2217      0.8536      0.9994      0.9897      0.9898      0.9166    9
     ----------- ----------- ----------- ----------- ----------- ----------- ----------- ----------- ----------- 
  10       12920         139      215140        2201      0.8544      0.9994      0.9894      0.9898      0.9170   10
  11       12927         145      215135        2193      0.8550      0.9993      0.9889      0.9899      0.9171   11
  12       12944         141      215109        2206      0.8544      0.9993      0.9892      0.9898      0.9169   12
  13       12972         128      215104        2196      0.8552      0.9994      0.9902      0.9899      0.9178   13
  14       13013         129      215119        2139      0.8588      0.9994      0.9902      0.9902      0.9198   14
     ----------- ----------- ----------- ----------- ----------- ----------- ----------- ----------- ----------- 
  15       13029         128      215115        2128      0.8596      0.9994      0.9903      0.9902      0.9203   15
  16       13059         116      215102        2123      0.8602      0.9995      0.9912      0.9903      0.9210   16
  17       13018         118      215092        2172      0.8570      0.9995      0.9910      0.9901      0.9192   17
  18       12990         117      215087        2206      0.8548      0.9995      0.9911      0.9899      0.9179   18
  19       12976         118      215068        2238      0.8529      0.9995      0.9910      0.9898      0.9168   19
     ----------- ----------- ----------- ----------- ----------- ----------- ----------- ----------- ----------- 
  20       13024         104      215119        2153      0.8581      0.9995      0.9921      0.9902      0.9203   20
  21       12995         100      215126        2179      0.8564      0.9995      0.9924      0.9901      0.9194   21
  22       13001         104      215141        2154      0.8579      0.9995      0.9921      0.9902      0.9201   22
  23       12990          87      215135        2188      0.8558      0.9996      0.9933      0.9901      0.9195   23
  24       12990          86      215124        2200      0.8552      0.9996      0.9934      0.9901      0.9191   24
     ----------- ----------- ----------- ----------- ----------- ----------- ----------- ----------- ----------- 
  25       12997          75      215093        2235      0.8533      0.9997      0.9943      0.9900      0.9184   25
  26       13013          60      215100        2227      0.8539      0.9997      0.9954      0.9901      0.9192   26
  27       13025          51      215123        2201      0.8554      0.9998      0.9961      0.9902      0.9204   27
  28       13004          45      215117        2234      0.8534      0.9998      0.9966      0.9901      0.9194   28
  29       13008          34      215122        2236      0.8533      0.9998      0.9974      0.9901      0.9197   29
     ----------- ----------- ----------- ----------- ----------- ----------- ----------- ----------- ----------- 
  30       12983          32      215141        2244      0.8526      0.9999      0.9975      0.9901      0.9194   30
  31       12968          24      215158        2250      0.8521      0.9999      0.9982      0.9901      0.9194   31
  32       12933          21      215179        2267      0.8509      0.9999      0.9984      0.9901      0.9187   32
  33       12914          15      215169        2302      0.8487      0.9999      0.9988      0.9899      0.9177   33
  34       12868          17      215181        2334      0.8465      0.9999      0.9987      0.9898      0.9163   34
     ----------- ----------- ----------- ----------- ----------- ----------- ----------- ----------- ----------- 
  35       12816          15      215178        2391      0.8428      0.9999      0.9988      0.9896      0.9142   35
  36       12781          14      215187        2418      0.8409      0.9999      0.9989      0.9894      0.9131   36
  37       12730          15      215206        2449      0.8387      0.9999      0.9988      0.9893      0.9118   37
  38       12648          12      215191        2549      0.8323      0.9999      0.9991      0.9889      0.9081   38
  39       12568           7      215183        2642      0.8263      1.0000      0.9994      0.9885      0.9047   39
     ----------- ----------- ----------- ----------- ----------- ----------- ----------- ----------- ----------- 
  40       12506           9      215193        2692      0.8229      1.0000      0.9993      0.9883      0.9025   40
  41       12440           8      215184        2768      0.8180      1.0000      0.9994      0.9880      0.8996   41
  42       12363           7      215196        2834      0.8135      1.0000      0.9994      0.9877      0.8969   42
  43       12320          12      215196        2872      0.8110      0.9999      0.9990      0.9875      0.8952   43
  44       12266          13      215167        2954      0.8059      0.9999      0.9989      0.9871      0.8921   44
     ----------- ----------- ----------- ----------- ----------- ----------- ----------- ----------- ----------- 
  45       12204           8      215156        3032      0.8010      1.0000      0.9993      0.9868      0.8892   45
  46       12148           8      215145        3099      0.7967      1.0000      0.9993      0.9865      0.8866   46
  47       12107           6      215162        3125      0.7948      1.0000      0.9995      0.9864      0.8855   47
  48       12031           9      215190        3170      0.7915      1.0000      0.9993      0.9862      0.8833   48
  49       11965           7      215206        3222      0.7878      1.0000      0.9994      0.9860      0.8811   49
     ----------- ----------- ----------- ----------- ----------- ----------- ----------- ----------- ----------- 
  50       11880           8      215185        3327      0.7812      1.0000      0.9993      0.9855      0.8769   50
  51       11859           8      215169        3364      0.7790      1.0000      0.9993      0.9854      0.8755   51
  52       11804          10      215171        3415      0.7756      1.0000      0.9992      0.9851      0.8733   52
  53       11759           6      215193        3442      0.7736      1.0000      0.9995      0.9850      0.8721   53
  54       11722           9      215193        3476      0.7713      1.0000      0.9992      0.9849      0.8706   54
     ----------- ----------- ----------- ----------- ----------- ----------- ----------- ----------- ----------- 
  55       11660          11      215236        3493      0.7695      0.9999      0.9991      0.9848      0.8694   55
  56       11629           9      215239        3523      0.7675      1.0000      0.9992      0.9847      0.8682   56
  57       11599           8      215232        3561      0.7651      1.0000      0.9993      0.9845      0.8667   57
  58       11583           4      215245        3568      0.7645      1.0000      0.9997      0.9845      0.8664   58
  59       11568           7      215249        3576      0.7639      1.0000      0.9994      0.9844      0.8659   59
     ----------- ----------- ----------- ----------- ----------- ----------- ----------- ----------- ----------- 
  60       11553           9      215252        3586      0.7631      1.0000      0.9992      0.9844      0.8654   60
  61       11517           9      215241        3633      0.7602      1.0000      0.9992      0.9842      0.8635   61
  62       11494           7      215267        3632      0.7599      1.0000      0.9994      0.9842      0.8633   62
  63       11524           7      215256        3613      0.7613      1.0000      0.9994      0.9843      0.8643   63
  64       11502           7      215260        3631      0.7601      1.0000      0.9994      0.9842      0.8634   64
     ----------- ----------- ----------- ----------- ----------- ----------- ----------- ----------- ----------- 
  65       11530           3      215254        3613      0.7614      1.0000      0.9997      0.9843      0.8644   65
  66       11506           4      215228        3662      0.7586      1.0000      0.9997      0.9841      0.8626   66
  67       11456           6      215213        3725      0.7546      1.0000      0.9995      0.9838      0.8600   67
  68       11462          11      215174        3753      0.7533      0.9999      0.9990      0.9837      0.8590   68
  69       11443          11      215171        3775      0.7519      0.9999      0.9990      0.9836      0.8581   69
     ----------- ----------- ----------- ----------- ----------- ----------- ----------- ----------- ----------- 
  70       11457           9      215193        3741      0.7538      1.0000      0.9992      0.9837      0.8594   70
  71       11435          11      215173        3781      0.7515      0.9999      0.9990      0.9835      0.8578   71
  72       11432           7      215176        3785      0.7513      1.0000      0.9994      0.9835      0.8577   72
  73       11453           5      215170        3772      0.7522      1.0000      0.9996      0.9836      0.8584   73
  74       11479           4      215184        3733      0.7546      1.0000      0.9997      0.9838      0.8600   74
     ----------- ----------- ----------- ----------- ----------- ----------- ----------- ----------- ----------- 
  75       11506           7      215167        3720      0.7557      1.0000      0.9994      0.9838      0.8606   75
  76       11578           6      215185        3631      0.7613      1.0000      0.9995      0.9842      0.8643   76
  77       11611          10      215188        3591      0.7638      1.0000      0.9991      0.9844      0.8657   77
  78       11659           6      215186        3549      0.7666      1.0000      0.9995      0.9846      0.8677   78
  79       11733           8      215173        3486      0.7709      1.0000      0.9993      0.9848      0.8704   79
     ----------- ----------- ----------- ----------- ----------- ----------- ----------- ----------- ----------- 
  80       11790          12      215163        3435      0.7744      0.9999      0.9990      0.9850      0.8725   80
  81       11841          10      215161        3388      0.7775      1.0000      0.9992      0.9853      0.8745   81
  82       11898           6      215165        3331      0.7813      1.0000      0.9995      0.9855      0.8770   82
  83       11917           8      215154        3321      0.7821      1.0000      0.9993      0.9856      0.8774   83
  84       11929           9      215146        3316      0.7825      1.0000      0.9992      0.9856      0.8777   84
     ----------- ----------- ----------- ----------- ----------- ----------- ----------- ----------- ----------- 
  85       11932          13      215120        3335      0.7816      0.9999      0.9989      0.9855      0.8770   85
  86       11933          12      215120        3335      0.7816      0.9999      0.9990      0.9855      0.8770   86
  87       11918          13      215104        3365      0.7798      0.9999      0.9989      0.9853      0.8759   87
  88       11863           9      215106        3422      0.7761      1.0000      0.9992      0.9851      0.8737   88
  89       11794           5      215107        3494      0.7715      1.0000      0.9996      0.9848      0.8708   89
     ----------- ----------- ----------- ----------- ----------- ----------- ----------- ----------- ----------- 
  90       11734          12      215099        3555      0.7675      0.9999      0.9990      0.9845      0.8681   90
  91       11641          11      215096        3652      0.7612      0.9999      0.9991      0.9841      0.8641   91
  92       11521          10      215104        3765      0.7537      1.0000      0.9991      0.9836      0.8592   92
  93       11390           9      215114        3887      0.7456      1.0000      0.9992      0.9831      0.8540   93
  94       11217          12      215127        4044      0.7350      0.9999      0.9989      0.9824      0.8469   94
     ----------- ----------- ----------- ----------- ----------- ----------- ----------- ----------- ----------- 
  95       11063          15      215124        4198      0.7249      0.9999      0.9986      0.9817      0.8400   95
  96       10897          20      215140        4343      0.7150      0.9999      0.9982      0.9811      0.8332   96
  97       10705          15      215125        4555      0.7015      0.9999      0.9986      0.9802      0.8241   97
  98       10495          18      215087        4800      0.6862      0.9999      0.9983      0.9791      0.8133   98
  99       10242          29      215075        5054      0.6696      0.9999      0.9972      0.9779      0.8012   99
     ----------- ----------- ----------- ----------- ----------- ----------- ----------- ----------- ----------- 

Probability Distribution (Signal)
        <0.10     <0.20     <0.30     <0.40     <0.50     <0.60     <0.70     <0.80     <0.90     <1.00  
       -------   -------   -------   -------   -------   -------   -------   -------   -------   ------- 
   0    0.0938    0.0210    0.0279    0.0325    0.0332    0.0284    0.0273    0.0290    0.0400    0.6669    0
   1    0.0922    0.0256    0.0323    0.0296    0.0254    0.0260    0.0246    0.0239    0.0339    0.6865    1
   2    0.0874    0.0229    0.0279    0.0286    0.0252    0.0231    0.0259    0.0237    0.0321    0.7032    2
   3    0.0834    0.0206    0.0243    0.0279    0.0254    0.0253    0.0241    0.0234    0.0315    0.7142    3
   4    0.0776    0.0182    0.0241    0.0253    0.0256    0.0242    0.0239    0.0252    0.0313    0.7248    4
       -------   -------   -------   -------   -------   -------   -------   -------   -------   ------- 
   5    0.0708    0.0182    0.0233    0.0238    0.0265    0.0217    0.0244    0.0248    0.0328    0.7338    5
   6    0.0639    0.0164    0.0238    0.0243    0.0246    0.0257    0.0218    0.0275    0.0325    0.7397    6
   7    0.0590    0.0151    0.0269    0.0230    0.0245    0.0255    0.0244    0.0255    0.0329    0.7431    7
   8    0.0554    0.0159    0.0236    0.0262    0.0241    0.0267    0.0268    0.0255    0.0311    0.7446    8
   9    0.0526    0.0168    0.0230    0.0280    0.0259    0.0248    0.0248    0.0271    0.0330    0.7438    9
       -------   -------   -------   -------   -------   -------   -------   -------   -------   ------- 
  10    0.0497    0.0190    0.0229    0.0270    0.0269    0.0255    0.0249    0.0261    0.0318    0.7462   10
  11    0.0489    0.0180    0.0243    0.0260    0.0278    0.0255    0.0247    0.0274    0.0296    0.7477   11
  12    0.0496    0.0186    0.0235    0.0264    0.0275    0.0259    0.0259    0.0248    0.0326    0.7452   12
  13    0.0500    0.0183    0.0251    0.0249    0.0266    0.0278    0.0241    0.0251    0.0328    0.7456   13
  14    0.0499    0.0174    0.0222    0.0257    0.0259    0.0283    0.0265    0.0249    0.0325    0.7466   14
       -------   -------   -------   -------   -------   -------   -------   -------   -------   ------- 
  15    0.0488    0.0177    0.0214    0.0267    0.0259    0.0273    0.0274    0.0264    0.0348    0.7437   15
  16    0.0490    0.0175    0.0222    0.0261    0.0250    0.0290    0.0298    0.0261    0.0349    0.7404   16
  17    0.0492    0.0172    0.0217    0.0281    0.0269    0.0277    0.0283    0.0279    0.0332    0.7398   17
  18    0.0509    0.0193    0.0217    0.0265    0.0268    0.0282    0.0284    0.0269    0.0313    0.7400   18
  19    0.0538    0.0181    0.0229    0.0256    0.0268    0.0271    0.0273    0.0276    0.0320    0.7389   19
       -------   -------   -------   -------   -------   -------   -------   -------   -------   ------- 
  20    0.0536    0.0167    0.0223    0.0248    0.0244    0.0291    0.0275    0.0296    0.0332    0.7387   20
  21    0.0537    0.0154    0.0231    0.0256    0.0257    0.0277    0.0270    0.0288    0.0328    0.7402   21
  22    0.0525    0.0170    0.0212    0.0254    0.0261    0.0270    0.0280    0.0274    0.0352    0.7403   22
  23    0.0524    0.0187    0.0217    0.0235    0.0279    0.0267    0.0271    0.0274    0.0359    0.7387   23
  24    0.0533    0.0189    0.0206    0.0247    0.0273    0.0284    0.0259    0.0298    0.0325    0.7385   24
       -------   -------   -------   -------   -------   -------   -------   -------   -------   ------- 
  25    0.0534    0.0191    0.0221    0.0233    0.0288    0.0293    0.0271    0.0274    0.0345    0.7350   25
  26    0.0530    0.0201    0.0200    0.0253    0.0277    0.0296    0.0278    0.0293    0.0329    0.7344   26
  27    0.0521    0.0195    0.0211    0.0238    0.0280    0.0299    0.0284    0.0289    0.0348    0.7334   27
  28    0.0513    0.0217    0.0217    0.0249    0.0270    0.0302    0.0274    0.0284    0.0352    0.7323   28
  29    0.0509    0.0237    0.0216    0.0229    0.0276    0.0297    0.0301    0.0256    0.0338    0.7341   29
       -------   -------   -------   -------   -------   -------   -------   -------   -------   ------- 
  30    0.0503    0.0265    0.0221    0.0227    0.0257    0.0276    0.0299    0.0291    0.0340    0.7320   30
  31    0.0507    0.0260    0.0235    0.0231    0.0245    0.0275    0.0276    0.0308    0.0333    0.7330   31
  32    0.0520    0.0274    0.0248    0.0209    0.0241    0.0262    0.0274    0.0283    0.0341    0.7349   32
  33    0.0535    0.0296    0.0248    0.0199    0.0235    0.0265    0.0286    0.0267    0.0329    0.7340   33
  34    0.0547    0.0320    0.0253    0.0206    0.0210    0.0241    0.0280    0.0270    0.0327    0.7347   34
       -------   -------   -------   -------   -------   -------   -------   -------   -------   ------- 
  35    0.0546    0.0351    0.0257    0.0215    0.0203    0.0219    0.0270    0.0270    0.0325    0.7345   35
  36    0.0572    0.0351    0.0280    0.0201    0.0187    0.0225    0.0250    0.0264    0.0333    0.7337   36
  37    0.0573    0.0375    0.0283    0.0198    0.0184    0.0238    0.0237    0.0268    0.0308    0.7335   37
  38    0.0575    0.0411    0.0284    0.0226    0.0181    0.0215    0.0244    0.0259    0.0307    0.7297   38
  39    0.0606    0.0433    0.0295    0.0204    0.0199    0.0188    0.0234    0.0268    0.0291    0.7281   39
       -------   -------   -------   -------   -------   -------   -------   -------   -------   ------- 
  40    0.0630    0.0432    0.0313    0.0211    0.0185    0.0191    0.0222    0.0239    0.0291    0.7286   40
  41    0.0635    0.0473    0.0320    0.0222    0.0170    0.0180    0.0216    0.0220    0.0313    0.7251   41
  42    0.0644    0.0497    0.0309    0.0232    0.0182    0.0172    0.0182    0.0223    0.0297    0.7261   42
  43    0.0678    0.0500    0.0314    0.0226    0.0172    0.0175    0.0176    0.0224    0.0282    0.7252   43
  44    0.0682    0.0532    0.0326    0.0219    0.0182    0.0163    0.0179    0.0216    0.0273    0.7228   44
       -------   -------   -------   -------   -------   -------   -------   -------   -------   ------- 
  45    0.0696    0.0538    0.0343    0.0228    0.0185    0.0179    0.0172    0.0182    0.0288    0.7189   45
  46    0.0717    0.0532    0.0367    0.0247    0.0171    0.0161    0.0182    0.0180    0.0268    0.7176   46
  47    0.0696    0.0576    0.0381    0.0242    0.0156    0.0177    0.0169    0.0182    0.0254    0.7166   47
  48    0.0695    0.0585    0.0388    0.0237    0.0180    0.0175    0.0159    0.0176    0.0259    0.7146   48
  49    0.0678    0.0615    0.0396    0.0242    0.0191    0.0178    0.0177    0.0172    0.0236    0.7115   49
       -------   -------   -------   -------   -------   -------   -------   -------   -------   ------- 
  50    0.0698    0.0617    0.0408    0.0260    0.0205    0.0175    0.0158    0.0162    0.0220    0.7097   50
  51    0.0694    0.0648    0.0401    0.0284    0.0184    0.0169    0.0169    0.0169    0.0226    0.7057   51
  52    0.0718    0.0629    0.0410    0.0288    0.0198    0.0181    0.0163    0.0166    0.0233    0.7014   52
  53    0.0698    0.0666    0.0426    0.0268    0.0207    0.0181    0.0157    0.0173    0.0216    0.7009   53
  54    0.0713    0.0659    0.0453    0.0270    0.0193    0.0191    0.0170    0.0162    0.0210    0.6981   54
       -------   -------   -------   -------   -------   -------   -------   -------   -------   ------- 
  55    0.0699    0.0667    0.0420    0.0306    0.0214    0.0178    0.0162    0.0158    0.0234    0.6962   55
  56    0.0701    0.0645    0.0457    0.0307    0.0216    0.0194    0.0178    0.0169    0.0187    0.6947   56
  57    0.0699    0.0660    0.0446    0.0321    0.0224    0.0199    0.0181    0.0164    0.0202    0.6905   57
  58    0.0682    0.0667    0.0465    0.0307    0.0235    0.0198    0.0203    0.0166    0.0198    0.6879   58
  59    0.0679    0.0680    0.0448    0.0303    0.0251    0.0193    0.0182    0.0199    0.0215    0.6850   59
       -------   -------   -------   -------   -------   -------   -------   -------   -------   ------- 
  60    0.0661    0.0696    0.0440    0.0303    0.0269    0.0223    0.0185    0.0191    0.0208    0.6824   60
  61    0.0669    0.0704    0.0451    0.0320    0.0253    0.0220    0.0178    0.0185    0.0221    0.6797   61
  62    0.0678    0.0691    0.0465    0.0315    0.0253    0.0211    0.0189    0.0194    0.0230    0.6774   62
  63    0.0674    0.0737    0.0406    0.0316    0.0254    0.0222    0.0195    0.0221    0.0224    0.6752   63
  64    0.0675    0.0713    0.0434    0.0319    0.0258    0.0227    0.0198    0.0196    0.0232    0.6748   64
       -------   -------   -------   -------   -------   -------   -------   -------   -------   ------- 
  65    0.0688    0.0690    0.0441    0.0329    0.0238    0.0225    0.0215    0.0209    0.0238    0.6727   65
  66    0.0689    0.0707    0.0451    0.0324    0.0243    0.0205    0.0225    0.0196    0.0241    0.6718   66
  67    0.0713    0.0700    0.0462    0.0339    0.0240    0.0203    0.0204    0.0188    0.0248    0.6704   67
  68    0.0725    0.0692    0.0496    0.0302    0.0252    0.0223    0.0206    0.0204    0.0236    0.6664   68
  69    0.0720    0.0697    0.0484    0.0323    0.0258    0.0219    0.0194    0.0210    0.0244    0.6652   69
       -------   -------   -------   -------   -------   -------   -------   -------   -------   ------- 
  70    0.0717    0.0709    0.0465    0.0326    0.0245    0.0213    0.0234    0.0189    0.0229    0.6673   70
  71    0.0726    0.0689    0.0486    0.0324    0.0260    0.0214    0.0212    0.0202    0.0237    0.6651   71
  72    0.0752    0.0626    0.0498    0.0345    0.0266    0.0238    0.0204    0.0183    0.0242    0.6645   72
  73    0.0770    0.0609    0.0492    0.0340    0.0266    0.0238    0.0195    0.0202    0.0234    0.6654   73
  74    0.0776    0.0580    0.0486    0.0342    0.0270    0.0236    0.0195    0.0211    0.0243    0.6661   74
       -------   -------   -------   -------   -------   -------   -------   -------   -------   ------- 
  75    0.0812    0.0539    0.0458    0.0346    0.0288    0.0238    0.0193    0.0219    0.0242    0.6665   75
  76    0.0828    0.0476    0.0481    0.0334    0.0268    0.0251    0.0212    0.0208    0.0276    0.6666   76
  77    0.0862    0.0445    0.0442    0.0345    0.0268    0.0226    0.0234    0.0210    0.0282    0.6685   77
  78    0.0894    0.0417    0.0417    0.0329    0.0277    0.0237    0.0235    0.0208    0.0256    0.6729   78
  79    0.0936    0.0384    0.0390    0.0333    0.0248    0.0237    0.0227    0.0214    0.0265    0.6766   79
       -------   -------   -------   -------   -------   -------   -------   -------   -------   ------- 
  80    0.0985    0.0355    0.0361    0.0301    0.0254    0.0236    0.0229    0.0229    0.0257    0.6793   80
  81    0.1034    0.0343    0.0303    0.0285    0.0259    0.0227    0.0235    0.0230    0.0260    0.6823   81
  82    0.1082    0.0310    0.0291    0.0271    0.0234    0.0231    0.0224    0.0240    0.0283    0.6835   82
  83    0.1132    0.0270    0.0285    0.0270    0.0222    0.0222    0.0218    0.0240    0.0287    0.6853   83
  84    0.1173    0.0288    0.0262    0.0213    0.0239    0.0187    0.0228    0.0226    0.0289    0.6895   84
       -------   -------   -------   -------   -------   -------   -------   -------   -------   ------- 
  85    0.1234    0.0274    0.0233    0.0224    0.0219    0.0197    0.0200    0.0224    0.0283    0.6912   85
  86    0.1299    0.0256    0.0229    0.0210    0.0190    0.0177    0.0209    0.0215    0.0295    0.6919   86
  87    0.1364    0.0249    0.0219    0.0189    0.0181    0.0186    0.0173    0.0224    0.0305    0.6911   87
  88    0.1418    0.0249    0.0207    0.0191    0.0175    0.0156    0.0196    0.0205    0.0285    0.6919   88
  89    0.1494    0.0242    0.0194    0.0184    0.0171    0.0143    0.0162    0.0227    0.0283    0.6899   89
       -------   -------   -------   -------   -------   -------   -------   -------   -------   ------- 
  90    0.1578    0.0247    0.0169    0.0178    0.0154    0.0154    0.0150    0.0188    0.0293    0.6890   90
  91    0.1659    0.0247    0.0171    0.0163    0.0147    0.0156    0.0163    0.0176    0.0275    0.6842   91
  92    0.1726    0.0256    0.0177    0.0167    0.0137    0.0156    0.0140    0.0171    0.0270    0.6800   92
  93    0.1826    0.0236    0.0189    0.0162    0.0131    0.0145    0.0151    0.0173    0.0262    0.6724   93
  94    0.1904    0.0245    0.0187    0.0170    0.0144    0.0136    0.0145    0.0150    0.0248    0.6671   94
       -------   -------   -------   -------   -------   -------   -------   -------   -------   ------- 
  95    0.1992    0.0271    0.0189    0.0168    0.0130    0.0125    0.0139    0.0163    0.0254    0.6570   95
  96    0.2116    0.0253    0.0171    0.0172    0.0138    0.0146    0.0148    0.0178    0.0252    0.6426   96
  97    0.2249    0.0245    0.0177    0.0153    0.0161    0.0164    0.0165    0.0170    0.0283    0.6233   97
  98    0.2377    0.0272    0.0176    0.0173    0.0141    0.0167    0.0159    0.0181    0.0284    0.6071   98
  99    0.2503    0.0284    0.0184    0.0169    0.0164    0.0143    0.0178    0.0191    0.0275    0.5909   99
       -------   -------   -------   -------   -------   -------   -------   -------   -------   ------- 

Probability Distribution (Noise)
        <0.10     <0.20     <0.30     <0.40     <0.50     <0.60     <0.70     <0.80     <0.90     <1.00  
       -------   -------   -------   -------   -------   -------   -------   -------   -------   ------- 
   0    0.0000    0.0000    0.0000    0.0001    0.0002    0.0005    0.0010    0.0021    0.0053    0.9906    0
   1    0.0000    0.0000    0.0000    0.0001    0.0002    0.0003    0.0008    0.0018    0.0056    0.9911    1
   2    0.0001    0.0000    0.0001    0.0001    0.0002    0.0004    0.0009    0.0021    0.0059    0.9902    2
   3    0.0001    0.0000    0.0001    0.0001    0.0002    0.0005    0.0009    0.0020    0.0061    0.9899    3
   4    0.0001    0.0000    0.0001    0.0001    0.0003    0.0005    0.0010    0.0020    0.0063    0.9895    4
       -------   -------   -------   -------   -------   -------   -------   -------   -------   ------- 
   5    0.0001    0.0001    0.0001    0.0002    0.0003    0.0005    0.0009    0.0023    0.0063    0.9893    5
   6    0.0000    0.0000    0.0001    0.0002    0.0003    0.0005    0.0010    0.0023    0.0065    0.9890    6
   7    0.0001    0.0000    0.0001    0.0002    0.0003    0.0005    0.0010    0.0024    0.0065    0.9889    7
   8    0.0000    0.0001    0.0001    0.0002    0.0003    0.0005    0.0010    0.0024    0.0066    0.9888    8
   9    0.0001    0.0001    0.0001    0.0002    0.0003    0.0006    0.0010    0.0024    0.0066    0.9888    9
       -------   -------   -------   -------   -------   -------   -------   -------   -------   ------- 
  10    0.0001    0.0001    0.0001    0.0002    0.0003    0.0006    0.0010    0.0023    0.0067    0.9888   10
  11    0.0001    0.0001    0.0001    0.0002    0.0003    0.0006    0.0010    0.0024    0.0066    0.9888   11
  12    0.0001    0.0001    0.0001    0.0002    0.0003    0.0006    0.0010    0.0023    0.0066    0.9889   12
  13    0.0000    0.0000    0.0001    0.0002    0.0002    0.0006    0.0011    0.0021    0.0064    0.9892   13
  14    0.0000    0.0000    0.0001    0.0002    0.0003    0.0005    0.0011    0.0022    0.0065    0.9891   14
       -------   -------   -------   -------   -------   -------   -------   -------   -------   ------- 
  15    0.0000    0.0001    0.0001    0.0001    0.0003    0.0005    0.0010    0.0022    0.0063    0.9894   15
  16    0.0000    0.0001    0.0001    0.0001    0.0003    0.0006    0.0009    0.0022    0.0061    0.9897   16
  17    0.0000    0.0000    0.0001    0.0001    0.0003    0.0005    0.0008    0.0022    0.0059    0.9899   17
  18    0.0000    0.0000    0.0001    0.0001    0.0003    0.0005    0.0009    0.0022    0.0057    0.9902   18
  19    0.0000    0.0000    0.0001    0.0001    0.0003    0.0005    0.0009    0.0020    0.0057    0.9903   19
       -------   -------   -------   -------   -------   -------   -------   -------   -------   ------- 
  20    0.0000    0.0000    0.0001    0.0001    0.0002    0.0004    0.0010    0.0020    0.0055    0.9906   20
  21    0.0000    0.0000    0.0001    0.0001    0.0002    0.0005    0.0009    0.0018    0.0053    0.9910   21
  22    0.0000    0.0000    0.0001    0.0001    0.0003    0.0004    0.0008    0.0018    0.0051    0.9914   22
  23    0.0000    0.0000    0.0000    0.0001    0.0002    0.0004    0.0008    0.0016    0.0050    0.9917   23
  24    0.0000    0.0000    0.0000    0.0002    0.0002    0.0004    0.0007    0.0015    0.0049    0.9920   24
       -------   -------   -------   -------   -------   -------   -------   -------   -------   ------- 
  25    0.0000    0.0000    0.0000    0.0001    0.0001    0.0003    0.0006    0.0014    0.0048    0.9925   25
  26    0.0000    0.0000    0.0000    0.0001    0.0001    0.0003    0.0005    0.0013    0.0048    0.9929   26
  27    0.0000    0.0000    0.0000    0.0000    0.0001    0.0002    0.0005    0.0012    0.0048    0.9931   27
  28    0.0000    0.0000    0.0000    0.0000    0.0001    0.0002    0.0004    0.0011    0.0045    0.9936   28
  29    0.0000    0.0000    0.0000    0.0000    0.0001    0.0001    0.0003    0.0011    0.0043    0.9940   29
       -------   -------   -------   -------   -------   -------   -------   -------   -------   ------- 
  30    0.0000    0.0000    0.0000    0.0000    0.0001    0.0001    0.0002    0.0010    0.0043    0.9942   30
  31    0.0000    0.0000    0.0000    0.0000    0.0000    0.0001    0.0002    0.0008    0.0042    0.9946   31
  32    0.0000    0.0000    0.0000    0.0000    0.0000    0.0001    0.0002    0.0008    0.0043    0.9946   32
  33    0.0000    0.0000    0.0000    0.0000    0.0000    0.0001    0.0001    0.0007    0.0038    0.9951   33
  34    0.0000    0.0000    0.0000    0.0000    0.0000    0.0001    0.0002    0.0007    0.0038    0.9952   34
       -------   -------   -------   -------   -------   -------   -------   -------   -------   ------- 
  35    0.0000    0.0000    0.0000    0.0000    0.0000    0.0000    0.0002    0.0006    0.0038    0.9953   35
  36    0.0000    0.0000    0.0000    0.0000    0.0000    0.0001    0.0001    0.0006    0.0037    0.9954   36
  37    0.0000    0.0000    0.0000    0.0000    0.0000    0.0000    0.0001    0.0005    0.0036    0.9956   37
  38    0.0000    0.0000    0.0000    0.0000    0.0000    0.0001    0.0001    0.0005    0.0036    0.9956   38
  39    0.0000    0.0000    0.0000    0.0000    0.0000    0.0000    0.0001    0.0006    0.0035    0.9958   39
       -------   -------   -------   -------   -------   -------   -------   -------   -------   ------- 
  40    0.0000    0.0000    0.0000    0.0000    0.0000    0.0000    0.0001    0.0006    0.0035    0.9957   40
  41    0.0000    0.0000    0.0000    0.0000    0.0000    0.0000    0.0002    0.0005    0.0034    0.9958   41
  42    0.0000    0.0000    0.0000    0.0000    0.0000    0.0000    0.0001    0.0005    0.0035    0.9958   42
  43    0.0000    0.0000    0.0000    0.0000    0.0000    0.0001    0.0001    0.0005    0.0034    0.9958   43
  44    0.0000    0.0000    0.0000    0.0000    0.0000    0.0000    0.0001    0.0005    0.0033    0.9960   44
       -------   -------   -------   -------   -------   -------   -------   -------   -------   ------- 
  45    0.0000    0.0000    0.0000    0.0000    0.0000    0.0000    0.0001    0.0004    0.0033    0.9961   45
  46    0.0000    0.0000    0.0000    0.0000    0.0000    0.0000    0.0001    0.0005    0.0032    0.9962   46
  47    0.0000    0.0000    0.0000    0.0000    0.0000    0.0000    0.0001    0.0004    0.0033    0.9961   47
  48    0.0000    0.0000    0.0000    0.0000    0.0000    0.0000    0.0002    0.0004    0.0033    0.9961   48
  49    0.0000    0.0000    0.0000    0.0000    0.0000    0.0000    0.0001    0.0005    0.0034    0.9960   49
       -------   -------   -------   -------   -------   -------   -------   -------   -------   ------- 
  50    0.0000    0.0000    0.0000    0.0000    0.0000    0.0000    0.0001    0.0005    0.0032    0.9962   50
  51    0.0000    0.0000    0.0000    0.0000    0.0000    0.0000    0.0001    0.0004    0.0032    0.9962   51
  52    0.0000    0.0000    0.0000    0.0000    0.0000    0.0000    0.0001    0.0005    0.0031    0.9963   52
  53    0.0000    0.0000    0.0000    0.0000    0.0000    0.0001    0.0001    0.0005    0.0030    0.9962   53
  54    0.0000    0.0000    0.0000    0.0000    0.0000    0.0000    0.0001    0.0004    0.0031    0.9963   54
       -------   -------   -------   -------   -------   -------   -------   -------   -------   ------- 
  55    0.0000    0.0000    0.0000    0.0000    0.0000    0.0000    0.0001    0.0005    0.0030    0.9963   55
  56    0.0000    0.0000    0.0000    0.0000    0.0000    0.0000    0.0001    0.0004    0.0031    0.9963   56
  57    0.0000    0.0000    0.0000    0.0000    0.0000    0.0001    0.0001    0.0005    0.0030    0.9964   57
  58    0.0000    0.0000    0.0000    0.0000    0.0000    0.0000    0.0001    0.0005    0.0029    0.9965   58
  59    0.0000    0.0000    0.0000    0.0000    0.0000    0.0000    0.0001    0.0004    0.0030    0.9965   59
       -------   -------   -------   -------   -------   -------   -------   -------   -------   ------- 
  60    0.0000    0.0000    0.0000    0.0000    0.0000    0.0000    0.0001    0.0005    0.0028    0.9966   60
  61    0.0000    0.0000    0.0000    0.0000    0.0000    0.0000    0.0001    0.0004    0.0027    0.9967   61
  62    0.0000    0.0000    0.0000    0.0000    0.0000    0.0000    0.0001    0.0004    0.0027    0.9967   62
  63    0.0000    0.0000    0.0000    0.0000    0.0000    0.0000    0.0001    0.0004    0.0027    0.9967   63
  64    0.0000    0.0000    0.0000    0.0000    0.0000    0.0000    0.0001    0.0004    0.0027    0.9967   64
       -------   -------   -------   -------   -------   -------   -------   -------   -------   ------- 
  65    0.0000    0.0000    0.0000    0.0000    0.0000    0.0000    0.0001    0.0005    0.0027    0.9967   65
  66    0.0000    0.0000    0.0000    0.0000    0.0000    0.0000    0.0001    0.0004    0.0026    0.9968   66
  67    0.0000    0.0000    0.0000    0.0000    0.0000    0.0000    0.0001    0.0004    0.0026    0.9969   67
  68    0.0000    0.0000    0.0000    0.0000    0.0000    0.0001    0.0001    0.0003    0.0025    0.9970   68
  69    0.0000    0.0000    0.0000    0.0000    0.0000    0.0000    0.0001    0.0004    0.0023    0.9971   69
       -------   -------   -------   -------   -------   -------   -------   -------   -------   ------- 
  70    0.0000    0.0000    0.0000    0.0000    0.0000    0.0001    0.0001    0.0003    0.0023    0.9971   70
  71    0.0000    0.0000    0.0000    0.0000    0.0000    0.0000    0.0001    0.0004    0.0022    0.9972   71
  72    0.0000    0.0000    0.0000    0.0000    0.0000    0.0000    0.0001    0.0003    0.0021    0.9974   72
  73    0.0000    0.0000    0.0000    0.0000    0.0000    0.0000    0.0001    0.0003    0.0020    0.9975   73
  74    0.0000    0.0000    0.0000    0.0000    0.0000    0.0000    0.0001    0.0003    0.0019    0.9977   74
       -------   -------   -------   -------   -------   -------   -------   -------   -------   ------- 
  75    0.0000    0.0000    0.0000    0.0000    0.0000    0.0000    0.0001    0.0004    0.0018    0.9977   75
  76    0.0000    0.0000    0.0000    0.0000    0.0000    0.0000    0.0001    0.0004    0.0016    0.9979   76
  77    0.0000    0.0000    0.0000    0.0000    0.0000    0.0000    0.0001    0.0004    0.0016    0.9979   77
  78    0.0000    0.0000    0.0000    0.0000    0.0000    0.0000    0.0001    0.0004    0.0014    0.9980   78
  79    0.0000    0.0000    0.0000    0.0000    0.0000    0.0000    0.0001    0.0003    0.0013    0.9982   79
       -------   -------   -------   -------   -------   -------   -------   -------   -------   ------- 
  80    0.0000    0.0000    0.0000    0.0000    0.0000    0.0001    0.0001    0.0004    0.0012    0.9982   80
  81    0.0000    0.0000    0.0000    0.0000    0.0000    0.0000    0.0001    0.0004    0.0010    0.9983   81
  82    0.0000    0.0000    0.0000    0.0000    0.0000    0.0001    0.0001    0.0004    0.0010    0.9984   82
  83    0.0000    0.0000    0.0000    0.0000    0.0000    0.0001    0.0001    0.0004    0.0009    0.9985   83
  84    0.0000    0.0000    0.0000    0.0000    0.0000    0.0000    0.0001    0.0004    0.0009    0.9986   84
       -------   -------   -------   -------   -------   -------   -------   -------   -------   ------- 
  85    0.0000    0.0000    0.0000    0.0000    0.0000    0.0001    0.0001    0.0003    0.0008    0.9987   85
  86    0.0000    0.0000    0.0000    0.0000    0.0000    0.0001    0.0001    0.0002    0.0008    0.9987   86
  87    0.0000    0.0000    0.0000    0.0000    0.0000    0.0000    0.0001    0.0002    0.0008    0.9988   87
  88    0.0000    0.0000    0.0000    0.0000    0.0000    0.0000    0.0001    0.0002    0.0007    0.9989   88
  89    0.0000    0.0000    0.0000    0.0000    0.0000    0.0000    0.0001    0.0002    0.0008    0.9988   89
       -------   -------   -------   -------   -------   -------   -------   -------   -------   ------- 
  90    0.0000    0.0000    0.0000    0.0000    0.0000    0.0001    0.0001    0.0003    0.0009    0.9986   90
  91    0.0000    0.0000    0.0000    0.0000    0.0000    0.0001    0.0001    0.0003    0.0008    0.9987   91
  92    0.0000    0.0000    0.0000    0.0000    0.0000    0.0001    0.0001    0.0003    0.0009    0.9986   92
  93    0.0000    0.0000    0.0000    0.0000    0.0000    0.0001    0.0001    0.0002    0.0010    0.9986   93
  94    0.0000    0.0000    0.0000    0.0000    0.0000    0.0001    0.0001    0.0003    0.0009    0.9986   94
       -------   -------   -------   -------   -------   -------   -------   -------   -------   ------- 
  95    0.0000    0.0000    0.0000    0.0000    0.0000    0.0000    0.0001    0.0003    0.0009    0.9986   95
  96    0.0000    0.0000    0.0000    0.0000    0.0000    0.0001    0.0001    0.0002    0.0009    0.9986   96
  97    0.0000    0.0000    0.0000    0.0000    0.0000    0.0000    0.0001    0.0003    0.0008    0.9987   97
  98    0.0000    0.0000    0.0000    0.0000    0.0000    0.0001    0.0001    0.0002    0.0007    0.9988   98
  99    0.0000    0.0000    0.0000    0.0000    0.0000    0.0000    0.0001    0.0002    0.0009    0.9986   99
       -------   -------   -------   -------   -------   -------   -------   -------   -------   ------- 
